0,1,2,3,4,5,6,7,8,9,10,11,12,13,14,15,16,17,18,19,20,21,22,23,24,25,26,27,28,29,30,31,32,33,34,35,36,37,38,39,40,41,42,43,44,45,46,47,48,49,50,51,52,53,54,55,56,57,58,59,60,61,62,63,64,65,66,67,68,69,70,71,72,73,74,75,76,77,78,79,80,81,82,83,84,85,86,87,88,89,90,91,92,93,94,95,96,97,98,99,100,101,102,103,104,105,106,107,108,109,110,111,112,113,114,115,116,117,118,119,120,121,122,123,124,125,126,127,128,129,130,131,132,133,134,135,136,137,138,139,140,141,142,143,144,145,146,147,148,149,150,151,152,153,154,155,156,157,158,159,160,161,162,163,164,165,166,167,168,169,170,171,172,173,174,175,176,177,178,179,180,181,182,183,184,185,186,187,188,189,190,191,192,193,194,195,196,197,198,199,200,201,202,203,204,205,206,207,208,209,210,211,212,213,214,215,216,217,218,219,220,221,222,223,224,225,226,227,228,229,230,231,232,233,234,235,236,237,238,239,240,241,242,243,244,245,246,247,248,249,250,251,252,253,254,255,256,257,258,259,260,261,262,263,264,265,266,267,268,269,270,271,272,273,274,275,276,277,278,279,280,281,282,283,284,285,286,287,288,289,290,291,292,293,294,295,296,297,298,299,300,301,302,303,304,305,306,307,308,309,310,311,312,313,314,315,316,317,318,319,320,321,322,323,324,325,326,327,328,329,330,331,332,333,334,335,336,337,338,339,340,341,342,343,344,345,346,347,348,349,350,351,352,353,354,355,356,357,358,359,360,361,362,363,364,365,366,367,368,369,370,371,372,373,374,375,376,377,378,379,380,381,382,383,384,385,386,387,388,389,390,391,392,393,394,395,396,397,398,399,400,401,402,403,404,405,406,407,408,409,410,411,412,413,414,415,416,417,418,419,420,421,422,423,424,425,426,427,428,429,430,431,432,433,434,435,436,437,438,439,440,441,442,443,444,445,446,447,448,449,450,451,452,453,454,455,456,457,458,459,460,461,462,463,464,465,466,467,468,469,470,471,472,473,474,475,476,477,478,479,480,481,482,483,484,485,486,487,488,489,490,491,492,493,494,495,496,497,498,499,500,501,502,503,504,505,506,507,508,509,510,511,512,513,514,515,516,517,518,519,520,521,522,523,524,525,526,527,528,529,530,531,532,533,534,535,536,537,538,539,540,541,542,543,544,545,546,547,548,549,550,551,552,553,554,555,556,557,558,559,560,561,562,563,564,565,566,567,568,569,570,571,572,573,574,575,576,577,578,579,580,581,582,583,584,585,586,587,588,589,590,591,592,593,594,595,596,597,598,599,600,601,602,603,604,605,606,607,608,609,610,611,612,613,614,615,616,617,618,619,620,621,622,623,624,625,626,627,628,629,630,631,632,633,634,635,636,637,638,639,640,641,642,643,644,645,646,647,648,649,650,651,652,653,654,655,656,657,658,659,660,661,662,663,664,665,666,667,668,669,670,671,672,673,674,675,676,677,678,679,680,681,682,683,684,685,686,687,688,689,690,691,692,693,694,695,696,697,698,699,700,701,702,703,704,705,706,707,708,709,710,711,712,713,714,715,716,717,718,719,720,721,722,723,724,725,726,727,728,729,730,731,732,733,734,735,736,737,738,739,740,741,742,743,744,745,746,747,748,749,750,751,752,753,754,755,756,757,758,759,760,761,762,763,764,765,766,767,768,769,770,771,772,773,774,775,776,777,778,779,780,781,782,783,784,785,786,787,788,789,790,791,792,793,794,795,796,797,798,799,800,801,802,803,804,805,806,807,808,809,810,811,812,813,814,815,816,817,818,819,820,821,822,823,824,825,826,827,828,829,830,831,832,833,834,835,836,837,838,839,840,841,842,843,844,845,846,847,848,849,850,851,852,853,854,855,856,857,858,859,860,861,862,863,864,865,866,867,868,869,870,871,872,873,874,875,876,877,878,879,880,881,882,883,884,885,886,887,888,889,890,891,892,893,894,895,896,897,898,899,900,901,902,903,904,905,906,907,908,909,910,911,912,913,914,915,916,917,918,919,920,921,922,923,924,925,926,927,928,929,930,931,932,933,934,935,936,937,938,939,940,941,942,943,944,945,946,947,948,949,950,951,952,953,954,955,956,957,958,959,960,961,962,963,964,965,966,967,968,969,970,971,972,973,974,975,976,977,978,979,980,981,982,983,984,985,986,987,988,989,990,991,992,993,994,995,996,997,998,999,1000,1001,1002,1003,1004,1005,1006,1007,1008,1009,1010,1011,1012,1013,1014,1015,1016,1017,1018,1019,1020,1021,1022,1023,1024,1025,1026,1027,1028,1029,1030,1031,1032,1033,1034,1035,1036,1037,1038,1039,1040,1041,1042,1043,1044,1045,1046,1047,1048,1049,1050,1051,1052,1053,1054,1055,1056,1057,1058,1059,1060,1061,1062,1063,1064,1065,1066,1067,1068,1069,1070,1071,1072,1073,1074,1075,1076,1077,1078,1079,1080,1081,1082,1083,1084,1085,1086,1087,1088,1089,1090,1091,1092,1093,1094,1095,1096,1097,1098,1099,1100,1101,1102,1103,1104,1105,1106,1107,1108,1109,1110,1111,1112,1113,1114,1115,1116,1117,1118,1119,1120,1121,1122,1123,1124,1125,1126,1127,1128,1129,1130,1131,1132,1133,1134,1135,1136,1137,1138,1139,1140,1141,1142,1143,1144,1145,1146,1147,1148,1149,1150,1151,1152,1153,1154,1155,1156,1157,1158,1159,1160,1161,1162,1163,1164,1165,1166,1167,1168,1169,1170,1171,1172,1173,1174,1175,1176,1177,1178,1179,1180,1181,1182,1183,1184,1185,1186,1187,1188,1189,1190,1191,1192,1193,1194,1195,1196,1197,1198,1199,1200,1201,1202,1203,1204,1205,1206,1207,1208,1209,1210,1211,1212,1213,1214,1215,1216,1217,1218,1219,1220,1221,1222,1223,1224,1225,1226,1227,1228,1229,1230,1231,1232,1233,1234,1235,1236,1237,1238,1239,1240,1241,1242,1243,1244,1245,1246,1247,1248,1249,1250,1251,1252,1253,1254,1255,1256,1257,1258,1259,1260,1261,1262,1263,1264,1265,1266,1267,1268,1269,1270,1271,1272,1273,1274,1275,1276,1277,1278,1279,1280,1281,1282,1283,1284,1285,1286,1287,1288,1289,1290,1291,1292,1293,1294,1295,1296,1297,1298,1299,1300,1301,1302,1303,1304,1305,1306,1307,1308,1309,1310,1311,1312,1313,1314,1315,1316,1317,1318,1319,1320,1321,1322,1323,1324,1325,1326,1327,1328,1329,1330,1331,1332,1333,1334,1335,1336,1337,1338,1339,1340,1341,1342,1343,1344,1345,1346,1347,1348,1349,1350,1351,1352,1353,1354,1355,1356,1357,1358,1359,1360,1361,1362,1363,1364,1365,1366,1367,1368,1369,1370,1371,1372,1373,1374,1375,1376,1377,1378,1379,1380,1381,1382,1383,1384,1385,1386,1387,1388,1389,1390,1391,1392,1393,1394,1395,1396,1397,1398,1399,1400,1401,1402,1403,1404,1405,1406,1407,1408,1409,1410,1411,1412,1413,1414,1415,1416,1417,1418,1419,1420,1421,1422,1423,1424,1425,1426,1427,1428,1429,1430,1431,1432,1433,1434,1435,1436,1437,1438,1439,1440,1441,1442,1443,1444,1445,1446,1447,1448,1449,1450,1451,1452,1453,1454,1455,1456,1457,1458,1459,1460,1461,1462,1463,1464,1465,1466,1467,1468,1469,1470,1471,1472,1473,1474,1475,1476,1477,1478,1479,1480,1481,1482,1483,1484,1485,1486,1487,1488,1489,1490,1491,1492,1493,1494,1495,1496,1497,1498,1499,1500,1501,1502,1503,1504,1505,1506,1507,1508,1509,1510,1511,1512,1513,1514,1515,1516,1517,1518,1519,1520,1521,1522,1523,1524,1525,1526,1527,1528,1529,1530,1531,1532,1533,1534,1535,1536,1537,1538,1539,1540,1541,1542,1543,1544,1545,1546,1547,1548,1549,1550,1551,1552,1553,1554,1555,1556,1557,1558,1559,1560,1561,1562,1563,1564,1565,1566,1567,1568,1569,1570,1571,1572,1573,1574,1575,1576,1577,1578,1579,1580,1581,1582,1583,1584,1585,1586,1587,1588,1589,1590,1591,1592,1593,1594,1595,1596,1597,1598,1599,1600,1601,1602,1603,1604,1605,1606,1607,1608,1609,1610,1611,1612,1613,1614,1615,1616,1617,1618,1619,1620,1621,1622,1623,1624,1625,1626,1627,1628,1629,1630,1631,1632,1633,1634,1635,1636,1637,1638,1639,1640,1641,1642,1643,1644,1645,1646,1647,1648,1649,1650,1651,1652,1653,1654,1655,1656,1657,1658,1659,1660,1661,1662,1663,1664,1665,1666,1667,1668,1669,1670,1671,1672,1673,1674,1675,1676,1677,1678,1679,1680,1681,1682,1683,1684,1685,1686,1687,1688,1689,1690,1691,1692,1693,1694,1695,1696,1697,1698,1699,1700,1701,1702,1703,1704,1705,1706,1707,1708,1709,1710,1711,1712,1713,1714,1715,1716,1717,1718,1719,1720,1721,1722,1723,1724,1725,1726,1727,1728,1729,1730,1731,1732,1733,1734,1735,1736,1737,1738,1739,1740,1741,1742,1743,1744,1745,1746,1747,1748,1749,1750,1751,1752,1753,1754,1755,1756,1757,1758,1759,1760,1761,1762,1763,1764,1765,1766,1767,1768,1769,1770,1771,1772,1773,1774,1775,1776,1777,1778,1779,1780,1781,1782,1783,1784,1785,1786,1787,1788,1789,1790,1791,1792,1793,1794,1795,1796,1797,1798,1799,1800,1801,1802,1803,1804,1805,1806,1807,1808,1809,1810,1811,1812,1813,1814,1815,1816,1817,1818,1819,1820,1821,1822,1823,1824,1825,1826,1827,1828,1829,1830,1831,1832,1833,1834,1835,1836,1837,1838,1839,1840,1841,1842,1843,1844,1845,1846,1847,1848,1849,1850,1851,1852,1853,1854,1855,1856,1857,1858,1859,1860,1861,1862,1863,1864,1865,1866,1867,1868,1869,1870,1871,1872,1873,1874,1875,1876,1877,1878,1879,1880,1881,1882,1883,1884,1885,1886,1887,1888,1889,1890,1891,1892,1893,1894,1895,1896,1897,1898,1899,1900,1901,1902,1903,1904,1905,1906,1907,1908,1909,1910,1911,1912,1913,1914,1915,1916,1917,1918,1919,1920,1921,1922,1923,1924,1925,1926,1927,1928,1929,1930,1931,1932,1933,1934,1935,1936,1937,1938,1939,1940,1941,1942,1943,1944,1945,1946,1947,1948,1949,1950,1951,1952,1953,1954,1955,1956,1957,1958,1959,1960,1961,1962,1963,1964,1965,1966,1967,1968,1969,1970,1971,1972,1973,1974,1975,1976,1977,1978,1979,1980,1981,1982,1983,1984,1985,1986,1987,1988,1989,1990,1991,1992,1993,1994,1995,1996,1997,1998,1999,ID,Gender,Age,Glucose,Height,Weight
3.011240121476067,3.0107476863671137,3.0096942270871256,3.008074155652505,3.0058829890584633,3.0031174229827595,2.9997763537702222,2.9958625541472244,2.991382653846116,2.9863455022311363,2.980761272991416,2.9746414335100684,2.9679987994029626,2.9608475831994334,2.953203447909696,2.945083564703604,2.9365066738599093,2.9274931507672295,2.9180650690658236,2.9082462891454974,2.8980622153777063,2.8875384402569004,2.8766990827949326,2.865565651472112,2.85415547045794,2.84248099433484,2.8305512874054526,2.8183734818101547,2.8059531107487863,2.7932944321074697,2.7804015509635907,2.767278595291959,2.753927400980593,2.740345242588859,2.7265243005658584,2.712451811557731,2.698111065343916,2.6834842359540305,2.6685556239431336,2.6533132093486254,2.6377489385361947,2.621858858571138,2.6056428685438986,2.589103336090664,2.572243545210351,2.555067299442498,2.537579817690634,2.5197895832822956,2.5017087399409763,2.4833507540393946,2.464728986049968,2.4458584769423966,2.4267573539736027,2.4074461271961436,2.387947168205203,2.3682848156767693,2.3484848389883393,2.3285728430188275,2.3085730157269713,2.2885081414988995,2.2684009004732477,2.248275852566127,2.228160597962131,2.208085653218548,2.1880830866172936,2.1681849816998646,2.148422343413142,2.1288228341401094,2.109408558738064,2.090196339777103,2.0711990420109063,2.052427139119271,2.033890397729754,2.0155975931622976,1.9975549807232311,1.979765220710921,1.962226483510905,1.9449334108050185,1.9278801393543783,1.9110631517057766,1.894483250677498,1.8781444571957846,1.8620496857273612,1.8461987064021002,1.8305904157643123,1.815225451535369,1.8001064941175966,1.7852367681493602,1.77061937926642,1.7562587253657662,1.7421610362467514,1.7283329343282623,1.7147803686433423,1.701508851463408,1.6885249554716746,1.6758381923482923,1.6634618485257986,1.6514131032409156,1.6397123890438845,1.6283810135912156,1.6174389550799808,1.6069051454583776,1.5967987442183833,1.5871404124000745,1.5779525563356243,1.5692574535540995,1.5610768237889208,1.5534339008930245,1.5463527215946498,1.5398529348492442,1.5339448337091952,1.5286284637944183,1.5238963138940194,1.5197363619363835,1.5161333271597761,1.513068815755028,1.5105213495223104,1.5084664022533856,1.506876430376194,1.505720903848698,1.5049663240140383,1.5045763287371603,1.5045128682170368,1.5047389713227113,1.5052204798864635,1.5059253934573118,1.5068227021798895,1.5078808141002764,1.509065872137551,1.5103411694528646,1.5116671938440962,1.5130025462292291,1.5143067045942393,1.5155429747757738,1.5166784843607466,1.5176814997842496,1.5185203615873193,1.5191658004141078,1.5195933630272827,1.5197846716949939,1.519729092140738,1.5194244600125015,1.5188756838401407,1.5180932800368683,1.517092036981658,1.5158892111404834,1.5145035103445612,1.5129553771988342,1.5112680639540694,1.5094672210728655,1.5075781976851417,1.5056240175787299,1.5036249060441176,1.5015973583686575,1.4995524865792231,1.4974960250614469,1.4954300096307247,1.4933537620622988,1.4912639921315267,1.4891548090939841,1.4870177449195425,1.4848417776983964,1.482613357970825,1.4803164239532396,1.4779325449724585,1.4754422421312103,1.4728278291193067,1.4700746672472214,1.4671689897405975,1.4640958853616595,1.4608401647457347,1.457387392033747,1.453722691996832,1.4498293822818171,1.4456897198917142,1.4412878230299693,1.436612704734387,1.4316595579542442,1.4264295897114345,1.4209282042587537,1.4151617799606055,1.4091354147248434,1.4028531231599162,1.3963204140348835,1.3895474720513488,1.3825497120953305,1.3753453196831953,1.3679535628310961,1.3603952116430713,1.3526923598762073,1.3448687417996632,1.3369518405084417,1.328972865731043,1.320963276996943,1.3129503628027972,1.3049537806374016,1.29698421614414,1.2890445907634247,1.281133218889932,1.2732466417251422,1.265380637433346,1.2575303376317126,1.2496902925091093,1.2418545417225668,1.2340166845810354,1.2261699502400163,1.2183072680963696,1.2104213382492266,1.2025047024750724,1.194549814425422,1.1865491129200445,1.178495091265037,1.1703809006869303,1.162202671167334,1.1539620962953603,1.145665830472261,1.137322606916554,1.128940684547039,1.1205260885401083,1.1120828620455845,1.1036148315720882,1.0951261555479086,1.0866199226207802,1.0780971049960675,1.0695577642763734,1.0610026465783011,1.0524336378710841,1.0438538400229198,1.0352674757083014,1.0266787546950882,1.0180904157137767,1.0095042793923363,1.0009230089814312,0.9923508958656885,0.9837939536884824,0.9752599958241073,0.9667586426208287,0.9583003664360572,0.9498936968309571,0.941542475045382,0.9332459363309318,0.925000150259209,0.9167979135959068,0.9086291431906414,0.9004835701439592,0.892352267868245,0.884225757601665,0.8760917278462085,0.8679352519884859,0.8597400340479123,0.8514898816478513,0.8431705846996793,0.8347709091305825,0.8262827505917698,0.8177006861574246,0.8090204313652863,0.8002380145546151,0.7913503006069486,0.7823537564200223,0.7732416911299279,0.7640030827776347,0.7546240134833849,0.7450905943870693,0.7353902636687186,0.7255109539606439,0.715440563659717,0.7051676816883229,0.6946834155977921,0.6839829204658453,0.6730658136626011,0.6619362464134052,0.6506030139877146,0.6390793820818736,0.6273814379481728,0.6155253656102809,0.6035271909754965,0.5914055378866545,0.5791838088452701,0.5668907180009142,0.5545602984547601,0.5422307012908383,0.5299400150794701,0.517720375974455,0.5055944665288692,0.49357638564540823,0.48167496691987266,0.46989622826055316,0.4582440861352253,0.4467212179850042,0.43533085352036816,0.42407725525654943,0.41296424841368345,0.40199415860233967,0.39116776028598005,0.3804843736806357,0.3699423781207981,0.3595408664969774,0.349281395558557,0.33916855268932394,0.32920923968502347,0.31941096562597093,0.3097806289532847,0.3003243842862429,0.2910474963108453,0.2819530743359249,0.27304074990598953,0.2643075027461302,0.2557493905218181,0.24736220012586044,0.23914152559309498,0.23108284424689005,0.22318158873459532,0.215433218952556,0.2078332922540439,0.20037753246665269,0.19306189759467954,0.18588264625782802,0.17883640297999678,0.17192022225518633,0.1651316510270408,0.1584687907621002,0.15193035468463678,0.14551573959243552,0.13922490904090182,0.1330569808897588,0.12700714784542252,0.12106406084544663,0.11520950593671925,0.10942057400483765,0.10367301722297939,0.09794333087283658,0.09220920872691384,0.08644958564499791,0.08064471977654328,0.07477601772510836,0.06882507852734411,0.06277367233712007,0.05660578923993869,0.05030853861101029,0.04387120518780851,0.037284784910662394,0.030542044286555957,0.023637591338023047,0.01656779862599567,0.009329735939440267,0.0019196479320230326,-0.00566665253225878,-0.013432027645735676,-0.02137715852976182,-0.029500439540549383,-0.037797913718294954,-0.046263202727350856,-0.054887439823404875,-0.06365918375660043,-0.07256450805460266,-0.08158810874086231,-0.09071478210507188,-0.09992892657295882,-0.10921277355460858,-0.11854607116438744,-0.12790759387796571,-0.13727598021854015,-0.1466282906414871,-0.15593759749859332,-0.16517106254113445,-0.17429107755168463,-0.18325987723212317,-0.19204329897838232,-0.2006117892364127,-0.2089408319823069,-0.2170124589760242,-0.2248161830760926,-0.23234764381689724,-0.23960622724559655,-0.24659298078336467,-0.25331035467142266,-0.25976375565024357,-0.2659625516309768,-0.27192013702495904,-0.2776534575776199,-0.28318091605314333,-0.28851903047609845,-0.2936810185016301,-0.2986795571553324,-0.3035307405914866,-0.3082541678769406,-0.3128701165249904,-0.3173971957142613,-0.3218516928201713,-0.32624805699070175,-0.3305985168137504,-0.3349129616073224,-0.33919933141673553,-0.3434631322230161,-0.34770845339132184,-0.3519398039490172,-0.35616198019257994,-0.360380000041388,-0.36459945181096964,-0.3688256261296554,-0.3730623091780313,-0.3773101360288233,-0.38156488642392894,-0.3858169437824124,-0.3900520504728919,-0.3942529611290675,-0.3983997407796407,-0.40246813690077665,-0.40642862803929103,-0.41024814613559507,-0.41389503195123656,-0.4173448047156989,-0.42058271913428585,-0.4236020785029715,-0.42640093244718635,-0.42898016845245424,-0.43134315873370194,-0.43349573022530435,-0.4354463410596198,-0.4372073268388569,-0.4387963552351425,-0.44023579727917106,-0.4415510273583492,-0.44276915848925913,-0.443916675106438,-0.44501698924323785,-0.4460912981858083,-0.44716129193103626,-0.4482493264265142,-0.4493757630569682,-0.450557709567694,-0.4518111920774944,-0.4531536314333072,-0.4546040370959283,-0.4561813774068574,-0.457903671254877,-0.45978848666486344,-0.4618525207362039,-0.46411040279682975,-0.4665734914643405,-0.469249307743449,-0.4721420322509994,-0.4752517894669962,-0.4785734352147992,-0.48209747358787314,-0.4858109866066552,-0.48969710238402214,-0.4937352285685662,-0.49790104266531443,-0.5021650772931167,-0.5064927527974213,-0.510845997214125,-0.5151848606851781,-0.5194705373420484,-0.5236687524891831,-0.5277515523926543,-0.5316989605030059,-0.5354995363500601,-0.5391478523937882,-0.5426402983295264,-0.5459720103240828,-0.549137123166865,-0.5521317831660705,-0.5549567627946544,-0.557618236670119,-0.5601272021312225,-0.5624970554632784,-0.5647395881272887,-0.5668623255126306,-0.5688696620007853,-0.5707656570521666,-0.5725553495593497,-0.5742448648113434,-0.5758413848722714,-0.5773531305192947,-0.5787893345694263,-0.5801596055108166,-0.58147224283428,-0.5827335554047361,-0.5839493090765367,-0.5851258613135977,-0.5862692091967158,-0.5873834038570614,-0.5884705974995814,-0.5895312743698192,-0.5905637396252761,-0.5915650989651089,-0.5925328366408119,-0.593465281420047,-0.5943615087676279,-0.5952202348977104,-0.596036880547374,-0.5968008240655818,-0.5974955345511805,-0.5980998965458647,-0.59858840071945,-0.5989331293698554,-0.5991081125546025,-0.5990926314205725,-0.5988733396947525,-0.5984446194163434,-0.5978060246796723,-0.596959248095501,-0.5959068756073228,-0.594652274976895,-0.5931996109731467,-0.5915538493186091,-0.5897207677211845,-0.5877069333472457,-0.5855189387800829,-0.5831617974992249,-0.5806396951715723,-0.5779603236895842,-0.5751376051908034,-0.5721899265318184,-0.5691375167219959,-0.5660015675318211,-0.5628042121168023,-0.5595685498868989,-0.5563186175012172,-0.5530785955310139,-0.5498710452914686,-0.5467154736096814,-0.543627170217802,-0.5406169167321856,-0.5376928566184324,-0.5348616436978808,-0.5321275547007858,-0.5294918841292459,-0.5269536273079499,-0.5245120063375753,-0.5221695434224269,-0.519931689943433,-0.5178023605389594,-0.5157798146055012,-0.5138556025682641,-0.512016228952635,-0.5102464163056787,-0.5085315568162331,-0.506858973773934,-0.50521960570061,-0.5036087068107722,-0.5020244220921687,-0.5004664880102222,-0.49893601493563444,-0.4974355143341367,-0.4959689021926162,-0.4945415111007613,-0.49316009763369645,-0.49183339071494064,-0.490573091301971,-0.48939294081000795,-0.488305806586684,-0.4873211298180253,-0.4864442729861649,-0.48567938931085647,-0.4850321001346575,-0.48450726362304347,-0.4841066524938237,-0.48383073143995525,-0.48368088724095754,-0.4836599649020421,-0.4837722601913601,-0.48402353122407005,-0.48442085153802433,-0.4849714633282289,-0.485681204821771,-0.48655453122445397,-0.4875947712212303,-0.4888031531571559,-0.4901776077006514,-0.49171109401148033,-0.49339079426008775,-0.4951994774178718,-0.4971168521656819,-0.49911981466890115,-0.5011824244552099,-0.5032758801172058,-0.5053688519535646,-0.507428936166785,-0.5094243594158826,-0.5113240107262438,-0.5130965137244833,-0.5147120609406065,-0.5161470395733371,-0.5173868142419161,-0.5184248688484254,-0.5192596997656685,-0.5198923130923304,-0.5203266609754704,-0.5205708702995726,-0.5206363192046765,-0.5205360158798924,-0.5202841535738889,-0.5198969796416348,-0.5193943537211848,-0.5187988663516746,-0.5181325957693155,-0.5174162611412445,-0.5166708042908786,-0.5159178289319585,-0.5151780965181076,-0.5144704445064423,-0.5138129508899797,-0.5132244439575405,-0.5127247671697043,-0.5123337436371171,-0.5120695305224423,-0.5119487383913964,-0.5119878168200918,-0.5122021494449275,-0.5126033058278913,-0.513198231374378,-0.5139896353167362,-0.5149747352133511,-0.5161438558811126,-0.5174811552022311,-0.5189675111741019,-0.5205834936323169,-0.522310576675246,-0.5241309122356216,-0.5260254267731475,-0.527971524233467,-0.5299440108844443,-0.531917107568983,-0.5338652208560372,-0.5357659821831746,-0.5376042588731345,-0.5393725577959207,-0.5410681161845418,-0.5426900633456565,-0.5442384142143801,-0.5457139970862246,-0.5471184523990047,-0.5484548723398464,-0.5497302572192038,-0.55095857884677,-0.5521604638473616,-0.5533587368639579,-0.5545742136369021,-0.5558245894386012,-0.5571253595794655,-0.5584901185437094,-0.5599300334709395,-0.5614542773723031,-0.563070657506121,-0.5647877971862681,-0.5666187418926577,-0.5685810874575958,-0.570694372362703,-0.5729787416829892,-0.575454503637371,-0.5781407017834066,-0.5810533331527666,-0.5842041089161614,-0.587599368897437,-0.5912402216500281,-0.5951235690103162,-0.599242393755422,-0.6035860339445843,-0.6081422838327826,-0.6128992103159165,-0.6178428169683443,-0.622954638265875,-0.6282134177163208,-0.633597323651716,-0.6390845010431934,-0.6446538680353585,-0.6502877549357042,-0.6559748762251333,-0.661710471764272,-0.6674934001646248,-0.6733232502741321,-0.6791992907015857,-0.6851203596361228,-0.6910848173700068,-0.6970905203351198,-0.7031354941530662,-0.7092196344934533,-0.7153461534165573,-0.7215227009396536,-0.7277617707036191,-0.7340786308916694,-0.7404886244373214,-0.7470061609025113,-0.7536446129901595,-0.7604162439478364,-0.7673314633046052,-0.7743971363285357,-0.7816169444218305,-0.7889956365145502,-0.7965430943239424,-0.8042743359099813,-0.8122064402290372,-0.8203557658808044,-0.828737012511556,-0.8373625832232715,-0.8462408824086224,-0.8553753970068223,-0.8647659641081215,-0.8744100801916916,-0.8843030984198497,-0.8944381265166791,-0.9048059601314861,-0.9153946873272991,-0.9261877564434962,-0.9371611021112632,-0.9482829205490105,-0.959516307263134,-0.9708212062319427,-0.982155666329992,-0.9934785399171217,-1.0047524579005314,-1.0159450624978776,-1.0270290473817802,-1.0379820699698443,-1.0487862301006527,-1.0594264072301511,-1.0698885290074207,-1.0801589782022536,-1.0902244988102114,-1.1000722223577915,-1.109690611278058,-1.1190712274084595,-1.1282094679342818,-1.1371032541392008,-1.1457515617591494,-1.1541546500214432,-1.1623140215692795,-1.1702312678752413,-1.1779067587168048,-1.1853378925614415,-1.192518671153432,-1.199441195497179,-1.206096979312793,-1.2124783277627977,-1.2185800632633532,-1.2244002837675312,-1.2299398318759978,-1.2351999741081758,-1.240179116115633,-1.2448716772596244,-1.2492693838484283,-1.253361637537321,-1.2571351992984883,-1.2605761419409611,-1.2636721718614932,-1.266411732716939,-1.2687812338063824,-1.2707642823637593,-1.2723420407639108,-1.273491995827028,-1.274187449636259,-1.2744000956242052,-1.2741043471120832,-1.2732816956973148,-1.2719234282367453,-1.2700299100743055,-1.2676074169095737,-1.264665719377084,-1.2612174670079659,-1.2572781913353972,-1.252866398358253,-1.248004519556727,-1.2427206235752393,-1.2370483232116263,-1.2310236670445003,-1.2246810360833984,-1.218050444172186,-1.2111567673165242,-1.204020328564818,-1.196659280971726,-1.189092935007015,-1.1813435570042603,-1.1734357519757992,-1.165394845097913,-1.1572470006626305,-1.149020667968119,-1.1407461797385237,-1.1324545468365343,-1.124177843806128,-1.115948644011294,-1.107797357486537,-1.0997511790839176,-1.0918354889163806,-1.0840742016039733,-1.0764882009415937,-1.0690945422988545,-1.0619077234121064,-1.0549411519688117,-1.048206442655071,-1.0417118180750626,-1.0354615916108332,-1.029456207116579,-1.0236923701172733,-1.0181640813769337,-1.0128643109142639,-1.0077854323657582,-1.0029204506441576,-0.9982667361311015,-0.993827921873029,-0.9896130409689702,-0.9856353353666405,-0.9819098732339098,-0.9784503172398511,-0.9752672831396701,-0.9723692378722109,-0.969765502823318,-0.9674689402181691,-0.9654957527844107,-0.9638638077199053,-0.9625909456822931,-0.9616917630962168,-0.9611750197542113,-0.9610444657462826,-0.961301164872486,-0.9619455022780364,-0.9629773384562733,-0.9643945787993382,-0.9661936709648117,-0.9683723242678769,-0.9709302103836961,-0.9738664343616109,-0.9771772547025959,-0.9808555133641906,-0.9848906743670068,-0.9892697212301852,-0.99397866037724,-0.9990014381227784,-1.004316677706992,-1.0098969595087672,-1.0157107587701366,-1.0217247139994867,-1.0279053270164624,-1.0342201081569764,-1.040638470022957,-1.0471305127578472,-1.053664148132937,-1.060203507788528,-1.0667088935808637,-1.0731385616111795,-1.079453230170738,-1.0856199892046128,-1.0916122044031624,-1.0974078611838147,-1.1029889829842234,-1.1083415881791563,-1.1134556431881486,-1.1183250197967454,-1.122947451661288,-1.1273244932601765,-1.1314614757375603,-1.1353674737050623,-1.1390548131784815,-1.1425368995956906,-1.145824881931022,-1.1489256304272764,-1.1518422288487604,-1.1545767100698079,-1.1571331050928855,-1.1595187994436442,-1.161744382675615,-1.1638222312470599,-1.1657651320715194,-1.1675865807365433,-1.169300173490967,-1.17091687497472,-1.1724438443993224,-1.1738857486267154,-1.1752450720503684,-1.1765204941351488,-1.1777059826684506,-1.1787922608970856,-1.1797700212051128,-1.1806319989293421,-1.1813715670493237,-1.1819801142943418,-1.1824474167260792,-1.1827635276069686,-1.1829178541972094,-1.182897374164022,-1.182687067010005,-1.1822710960589422,-1.1816343050690086,-1.18076398175277,-1.1796506021071769,-1.1782878679927655,-1.1766727132774129,-1.174805310969662,-1.1726890985312952,-1.1703306554476811,-1.1677385970662444,-1.1649220026357783,-1.161890726654377,-1.1586574757413444,-1.1552401288386587,-1.1516629559872167,-1.1479549021199393,-1.1441456010617257,-1.14026181686322,-1.1363268372304396,-1.1323629653316092,-1.1283931771679125,-1.1244395326580967,-1.1205222378544677,-1.1166619650712575,-1.1128818114808712,-1.1092057885368694,-1.1056556010664138,-1.102249493871664,-1.0990035945983263,-1.0959322821261652,-1.0930465956015756,-1.0903533808329564,-1.0878561814689087,-1.0855556495091867,-1.0834490445839833,-1.0815306654355041,-1.0797924732449313,-1.0782254582939235,-1.0768215606611795,-1.0755726764283793,-1.0744678289784502,-1.0734917877919303,-1.0726249212838472,-1.0718435374754642,-1.071121745290439,-1.0704347376647123,-1.069761117702544,-1.069083466842017,-1.0683883531488843,-1.0676663418286967,-1.0669119978256631,-1.066123905730704,-1.0653044563049734,-1.0644582577257216,-1.063588937008906,-1.06269702911618,-1.0617813517497325,-1.0608422686608252,-1.0598829903792617,-1.0589073959898536,-1.0579169466401515,-1.056910350069066,-1.0558861363490375,-1.0548443082675059,-1.0537859414152377,-1.0527138669078204,-1.0516338665919298,-1.0505537147898576,-1.0494815909692161,-1.0484256354033423,-1.0473938570104662,-1.0463932686240691,-1.045429342693747,-1.0445077062187254,-1.043635242738588,-1.0428179323808582,-1.042058354157044,-1.0413549476287556,-1.0407026462719198,-1.0400952792500573,-1.0395279086728169,-1.0389959454662423,-1.038493366482171,-1.0380129350155016,-1.0375458840435505,-1.0370802421576095,-1.036600349215094,-1.036089292886425,-1.035533814585979,-1.0349274153994341,-1.034269551097657,-1.0335641891124485,-1.0328195142416507,-1.0320477848711238,-1.0312639155421144,-1.030482349216287,-1.0297147066707013,-1.0289703951040088,-1.0282582902838096,-1.027587960638401,-1.0269713503052307,-1.026423369975665,-1.0259595169830376,-1.025592882612339,-1.0253341023891782,-1.025194011735059,-1.0251850766752264,-1.0253209565557984,-1.0256168472414493,-1.0260895182327334,-1.0267569217733907,-1.0276393929382233,-1.0287602123946924,-1.0301441044970872,-1.0318158099737569,-1.033798463808789,-1.0361104593562096,-1.0387630726980661,-1.0417606067353375,-1.0451004768098506,-1.0487727563922855,-1.0527613518900665,-1.0570455184983225,-1.0616012339071745,-1.066403717384878,-1.0714279430357856,-1.076645220940452,-1.0820208597930816,-1.0875148523264209,-1.0930830344066957,-1.0986798128754474,-1.104263098542703,-1.1097978093114083,-1.115256521321066,-1.1206184357189986,-1.1258675308412451,-1.1309911766517862,-1.1359783769667695,-1.1408165488731388,-1.1454893303894889,-1.1499773561765405,-1.1542604813305923,-1.1583206750838957,-1.1621452553865597,-1.1657283929002007,-1.1690693168022819,-1.172168611469503,-1.1750260045441328,-1.177640403269578,-1.1800109430592094,-1.1821371805831877,-1.1840185915036223,-1.1856550209406407,-1.1870465278206053,-1.1881930934078928,-1.1890950993194693,-1.1897529406948097,-1.1901670337428165,-1.1903381671135163,-1.1902669850225613,-1.1899547174353047,-1.1894043307065925,-1.1886195308041065,-1.1876038951173646,-1.186362196399911,-1.1849018249642287,-1.1832329542777111,-1.181367217383976,-1.1793146611721537,-1.1770809747420905,-1.174666155706899,-1.1720629583727387,-1.1692563428126992,-1.1662269267636804,-1.1629558160985336,-1.1594268728274553,-1.1556270626293985,-1.151546313509364,-1.1471763629032343,-1.1425092478558077,-1.1375377881023374,-1.1322573152870758,-1.126666447822352,-1.1207677783975234,-1.1145702867404041,-1.108091696276427,-1.101356679518508,-1.0943922635247458,-1.0872250278578228,-1.0798798175441684,-1.0723796515346042,-1.0647477278998159,-1.057007962186665,-1.0491824786252963,-1.0412901562173114,-1.0333486813782256,-1.0253777640426154,-1.017399800644942,-1.0094372935928537,-1.0015099210641591,-0.9936333841289489,-0.9858197079467395,-0.9780787791938161,-0.9704201311577589,-0.9628542226648688,-0.9553941752813858,-0.9480564658476163,-0.9408586619356353,-0.9338163210446565,-0.9269417969270021,-0.9202453600570345,-0.9137367723387018,-0.9074248010092798,-0.9013155870268366,-0.8954120113582624,-0.889713722898171,-0.8842172322465982,-0.8789168874662123,-0.8738076717514757,-0.8688883484857988,-0.8641626496483115,-0.8596381879775669,-0.8553246878172546,-0.851232777811112,-0.8473724231404925,-0.8437518902052484,-0.8403789002437309,-0.8372613708466019,-0.8344060159328702,-0.8318170448790323,-0.8294959518341681,-0.8274415396780629,-0.8256502250574694,-0.8241178418369962,-0.8228429122570382,-0.8218284837234833,-0.8210804651345561,-0.8206051056640153,-0.8204088224791517,-0.8204982986690259,-0.820878922119724,-0.8215538140967396,-0.8225249448163446,-0.8237946099278773,-0.8253647953856368,-0.8272354926957518,-0.8294040463283507,-0.8318651284098861,-0.8346107209371744,-0.8376300973790887,-0.8409098018031159,-0.8444336269225584,-0.8481825907089418,-0.8521349118689978,-0.8562659842652858,-0.860548350447756,-0.8649516740332179,-0.8694427098912366,-0.8739853108121481,-0.8785413942482722,-0.8830746150394954,-0.8875550917502046,-0.8919607599865955,-0.8962758257588137,-0.9004897587732589,-0.9045971787781945,-0.908597827544977,-0.9124959489337299,-0.9162986042780358,-0.9200148424464519,-0.9236561900985447,-0.9272361483969658,-0.9307689987989461,-0.9342683559124593,-0.9377453394156833,-0.941207630502327,-0.944659815729636,-0.9481049381020233,-0.9515454705803296,-0.9549821017565391,-0.9584131547858926,-0.961836860422781,-0.9652532235675619,-0.96866257803825,-0.9720643540635505,-0.9754588066560809,-0.9788476833959325,-0.9822317268638583,-0.9856083568617592,-0.9889710836858824,-0.9923094846476911,-0.995609163044724,-0.9988518569127064,-1.002016527198916,-1.0050809324881227,-1.008021312977255,-1.0108106832913195,-1.0134180071624972,-1.0158086796097654,-1.0179467729522857,-1.0197975755960083,-1.0213277734859405,-1.022505430427333,-1.0233027263193235,-1.0236999333758163,-1.0236869558362034,-1.0232612350249275,-1.0224251998546936,-1.0211854599201455,-1.0195527868777556,-1.0175421212574791,-1.0151725810680117,-1.0124674689679523,-1.0094542967211229,-1.0061646360934289,-1.0026327054780144,-0.9988922682557182,-0.9949739502088375,-0.9909043906904507,-0.9867062379203669,-0.9823988026343141,-0.9779997486276532,-0.9735258405668521,-0.968992557447558,-0.9644156997934257,-0.9598140278847509,-0.9552090266123078,-0.9506222086758795,-0.9460739532952007,-0.9415839894278013,-0.9371704324747291,-0.9328482283559718,-0.928628721054064,-0.924519691624763,-0.9205253908941033,-0.9166465560674701,-0.9128806683128128,-0.9092232982111164,-0.9056695653806346,-0.9022139205682591,-0.8988500781554719,-0.8955714704784055,-0.892370064218129,-0.8892349131515295,-0.8861518171680811,-0.8831036404466053,-0.8800730103788817,-0.8770484952878633,-0.8740298855898041,-0.8710278960753975,-0.8680590152356606,-0.8651398917633971,-0.8622846131659272,-0.8595043192345068,-0.8568080823556008,-0.8542048496167897,-0.8517059651159349,-0.8493281897259174,-0.8470949768242427,-0.8450339750513428,-0.8431726219168448,-0.8415336097081259,-0.8401322213313934,-0.8389783429143334,-0.838079945550447,-0.8374435015211186,-0.8370739949816919,-0.8369763266988297,-0.8371551599245715,-0.8376135481791058,-0.8383534992512796,-0.8393771811506044,-0.8406859682536215,-0.8422788360004779,-0.844151878282976,-0.8462983027165742,-0.848708412200713,-0.8513695941165722,-0.8542662904605247,-0.8573802479301692,-0.860692241981821,-0.8641848783292791,-0.8678424003720996,-0.8716463819478222,-0.8755727450595506,-0.8795927065323734,-0.8836750917069339,-0.8877882558734294,-0.8919002657375479,-0.8959789652553437,-0.899995440419035,-0.9039283347678966,-0.9077654174264996,-0.9115025043299836,-0.9151400933921165,-0.9186810345729272,-0.9221314022978339,-0.9255008534996091,-0.9288011911006503,-0.9320463526357771,-0.9352540640618379,-0.9384464033260853,-0.9416479442111454,-0.9448819185125876,-0.9481656859339415,-0.9515076778014359,-0.9549088221295041,-0.9583670431186845,-0.9618791148976893,-0.9654392294778085,-0.9690380870338499,-0.97266438653341,-0.9763080214317037,-0.9799625593296813,-0.9836253510587178,-0.9872951908350954,-0.9909690078771766,-0.994640078723349,-0.9982986643184449,-1.0019336390500415,-1.0055326315291635,-1.009081888551157,-1.0125684819699938,-1.015982799048274,-1.0193187816717948,-1.0225716824271538,-1.0257347517700581,-1.0287972856205758,-1.0317442351704589,-1.034556341446862,-1.0372112391302732,-1.039685236912797,-1.0419549041129286,-1.044000006756375,-1.0458065139545192,-1.047366326982563,-1.0486756854046222,-1.0497346147310433,-1.0505460734680072,-1.0511141309327454,-1.0514427094347896,-1.0515353743865248,-1.0513953317010765,-1.0510257656018223,-1.0504313067982098,-1.0496197560194849,-1.0486026880717987,-1.0473947701090747,-1.0460120228286478,-1.0444703181108888,-1.0427840860171316,-1.0409644949889032,-1.0390185934481089,-1.0369508129023173,-1.0347662098512103,-1.0324725452956487,-1.0300788852691236,-1.0275929778850237,-1.0250209611527086,-1.0223685300475274,-1.019642140605698,-1.0168496178029167,-1.0139983171875824,-1.0110927078366767,-1.0081347052411969,-1.005124986497738,-1.002062197450545,-0.9989419552491702,-0.9957586950737574,-0.9925080968461408,-0.9891861839251391,-0.9857866490406089,-0.9823005553501188,-0.9787177829194701,-0.9750270219723483,-0.9712162828713663,-0.9672764518464274,-0.9632026828074761,-0.958990675763767,-0.9546339257299183,-0.9501255785211419,-0.9454615394888886,-0.9406409625762916,-0.9356648677307086,-0.9305363821525179,-0.9252624712667854,-0.9198548245541559,-0.9143299435762728,-0.9087085728806241,-0.9030133578516366,-0.897265633714185,-0.8914836695038144,-0.8856825635189012,-0.8798754033189613,-0.8740751375073633,-0.8682956179042177,-0.8625517414239502,-0.856859483721471,-0.8512354090241756,-0.8456950402266188,-0.8402514119937218,-0.834915470132996,-0.8296968559448755,-0.8246024943569835,-0.8196350131081465,-0.8147933806618709,-0.8100737801096654,-0.8054701502642877,-0.8009757563937252,-0.7965843191151628,-0.7922888974035768,-0.7880804191153827,-0.7839473495213481,-0.779875732031717,-0.775849386419418,-0.771851405047866,-0.7678670360192787,-0.7638846223195388,-0.7598936889358803,-0.7558842000973084,-0.7518470123109952,-0.7477734592497591,-0.7436565165907567,-0.73949368470502,-0.735288438733554,-0.7310490947054776,-0.7267857525112051,-0.7225075613010855,-0.7182222264991537,-0.7139375366966043,-0.7096624942224709,-0.7054062041316732,-0.7011763368437968,-0.6969778761941289,-0.6928116211330004,-0.6886752052072194,-0.6845663713653534,-0.6804837203819051,-0.6764255091507538,-0.6723908094410802,-0.6683822517060378,-0.6644060082513269,-0.6604690529904219,-0.6565773039882501,-0.6527353253199527,-0.6489463697145619,-0.6452124049342917,-0.6415341498903958,-0.6379110926621736,-0.6343419214187715,-0.6308260902604107,-0.6273649496918356,-0.623960631773058,-0.620614564073494,-0.6173271185511364,-0.6140976531290585,-0.6109245346756007,-0.6078051682220726,-0.6047360219903667,-0.6017126593739788,-0.5987297608701968,-0.5957822115333606,-0.5928690305082107,-0.5899975205876906,-0.5871837698903243,-0.5844505762194977,-0.5818243164114061,-0.5793319772988114,-0.5769999281746977,-0.5748538254577422,-0.572918634128503,-0.571218635900845,-0.5697774382689208,-0.5686179802815756,-0.5677625451713815,-0.5672326852437624,-0.5670480986847422,-0.5672238688754365,-0.5677689487216666,-0.5686878220177386,-0.5699817039418711,-0.57164809421508,-0.5736816848965957,-0.5760765846844749,-0.5788284812846751,-0.58193527551037,-0.5853956117703368,-0.5892075508904294,-0.5933683410604927,-0.597874145117186,-0.6027186555321059,-0.60789128940258,-0.6133759248419091,-0.6191497791697663,-0.6251834493788434,-0.6314419794267079,-0.6378861739926307,-0.644475344766511,-0.6511701578013273,-0.6579327258737381,-0.6647248753480893,-0.6715071779834425,-0.6782388356689406,-0.6848776503582052,-0.6913806146675313,-0.6977062931665402,-0.7038180225719662,-0.7096856066445468,-0.7152855451376581,-0.7206009753258706,-0.7256216461250578,-0.730343571757985,-0.734767157464192,-0.7388943684571889,-0.7427285268466037,-0.7462770052488449,-0.7495530797226032,-0.752574445341195,-0.755358708144543,-0.7579201400679789,-0.7602699354905695,-0.7624173753629749,-0.7643713221406208,-0.7661415152047354,-0.7677382139175674,-0.7691728121167443,-0.770460547993973,-0.771621521475679,-0.7726783063974331,-0.7736528126464197,-0.7745648604456247,-0.7754320072054973,-0.7762695473381012,-0.7770904974354552,-0.7779055857419691,-0.7787232442981533,-0.7795495685369206,-0.780387543633926,-0.7812353497877833,-0.782085964599767,-0.7829288968298177,-0.7837525316663011,-0.7845458154860772,-0.7852977767124347,-0.7859958381632438,-0.7866250932659401,-0.7871682777261626,-0.7876058083423639,-0.7879166627143239,-0.7880810848099777,-0.7880837193218956,-0.7879148425966109,-0.7875692813337789,-0.7870449010214817,-0.78634317859222,-0.7854704216612669,-0.7844368544723481,-0.7832556685392075,-0.7819442899605126,-0.7805257672729363,-0.779027902208739,-0.7774790930772532,-0.7759025525922908,-0.7743141054838049,-0.7727256299177614,-0.771148939856646,-0.7695957182207663,-0.7680759338531769,-0.7665980727482078,-0.7651716484628898,-0.7638093898642824,-0.7625260082656171,-0.7613353936563989,-0.7602493394515983,-0.7592774345568227,-0.758427079487494,-0.757703490134952,-0.7571097030398886,-0.756646581118111,-0.7563128187637713,-0.7561049462350959,-0.7560173335951895,-0.7560421943834932,-0.7561695885025028,-0.7563874263569481,-0.7566814683392267,-0.7570353327488704,-0.7574299953822595,-0.7578421576542231,-0.7582426492019674,-0.7585961894331678,-0.75886422661881,-0.7590112661008597,-0.7590091876447447,-0.7588370785159847,-0.7584800348785942,-0.7579276362409688,-0.7571726760224402,-0.7562115474569583,-0.7550441858129674,-0.7536730091320403,-0.7521026142711881,-0.7503406444327478,-0.7483984121404652,-0.7462888515833803,-0.7440225270447252,-0.741605446137165,-0.7390415343623841,-0.7363371041425162,-0.7335015610929247,-0.7305447213549452,-0.7274757470599258,-0.7243055124876037,-0.7210496357540926,-0.7177286374223295,-0.7143650826652497,-0.7109807825666489,-0.7075958367647545,-0.7042286006054255,-0.7008957130778123,-0.6976121194591881,-0.6943910949529233,-0.6912442681192457,-0.6881816442547823,-0.6852116286404691,-0.6823410496834418,-0.6795751813833765,-0.6769177666009041,-0.6743710375636508,-0.6719357330215456,-0.6696105283783311,-0.6673904006000211,-0.6652659265440367,-0.663224809106163,-0.6612543766516321,-0.6593446056242,-0.6574896052419817,-0.6556856326113761,-0.6539288775511536,-0.652216577632,-0.6505497410047358,-0.6489330988882486,-0.6473731259624559,-0.6458787862744731,-0.6444644027707128,-0.6431510608905873,-0.6419654491806215,-0.6409365117023407,-0.6400909954301243,-0.6394497029671588,-0.6390270269520829,-0.6388335915503759,-0.6388783312194933,-0.6391681952836983,-0.6397074637029042,-0.6404999636369102,-0.6415514678843852,-0.6428687050276988,-0.6444586068409914,-0.6463288171560938,-0.6484882434245431,-0.6509470120667504,-0.6537130520409802,-0.6567872954176851,-0.6601622825048685,-0.6638245652150517,-0.6677577865528652,-0.6719440139830982,-0.676364120596707,-0.6809991261442193,-0.6858311329640502,-0.6908409477301484,-0.6960052997197235,-0.7012967308600386,-0.7066833944961342,-0.7121288352232261,-0.7175937055956203,-0.7230393669312265,-0.7284326636111979,-0.7337484085659204,-0.7389682923936083,-0.7440786015569584,-0.7490684245197735,-0.7539283776259282,-0.7586480988558213,-0.7632131223210553,-0.7676051161220676,-0.7718062768308541,-0.7758034895687922,-0.7795894378047533,-0.7831609826554666,-0.7865158957303695,-0.7896508462675031,-0.792562880585913,-0.7952520022513258,-0.7977213859984764,-0.7999761952357052,-0.8020223846745606,-0.8038659837862755,-0.80551354152207,-0.8069719496173429,-0.808248523438913,-0.8093529884804047,-0.8102977203122292,-0.8110950313701635,-0.8117543738959441,-0.8122802281862064,-0.8126716595555056,-0.8129238550505682,-0.8130293153015656,-0.8129780032856255,-0.8127576553561281,-0.812355241578447,-0.8117582239227165,-0.8109535774845503,-0.8099255042928868,-0.8086525108442801,-0.807105288443841,-0.8052488537504311,-0.8030473815467803,-0.8004681270759041,-0.797484537441708,-0.7940779200790113,-0.7902380853592332,-0.7859639041761095,-0.7812622380301874,-0.7761456548668273,-0.7706294487140226,-0.7647286076398875,-0.7584574728567876,-0.7518325702475371,-0.7448753028563714,-0.7376117493229799,-0.7300706231157299,-0.7222805593417356,-0.7142674101899605,-0.70605383381725,-0.6976604085948805,-0.6891060877594152,-0.6804082472681874,-0.6715827527396403,-0.6626440423859417,-0.6536049097635095,-0.6444751715751887,-0.635260413805792,-0.625962936668164,-0.6165834523624778,-0.6071216727297842,-0.5975763918381786,-0.5879454751368739,-0.5782247447063757,-0.5684052786176961,-0.5584720900632011,-0.5484062714082699,-0.538187646137758,-0.5277956802287248,-0.517209602352701,-0.5064084613719231,-0.49537045100297084,-0.48407131156134525,-0.472484084555396,-0.46058060408984464,-0.4483317564915417,-0.4357077763210863,-0.42268200254496807,-0.40923525168660074,-0.39535739435093703,-0.38104688459483965,-0.3663084077687079,-0.35114893246539897,-0.3355744016932153,-0.31958932041000365,-0.3031985064056768,-0.28640829823827013,-0.269227129562361,-0.2516671005799315,-0.23374491970104352,-0.21547892433804486,-0.19688436418353913,-0.17797188914912795,-0.15874997861938012,-0.13922812957937059,-0.11941741468166686,-0.0993292198519744,-0.07897564678203962,-0.058371377014855945,-0.037534239034289894,-0.016483342903727216,0.004764052790684017,0.02619445747605086,0.04779841648333235,0.06957022360673339,0.09150670730002546,0.11360542772468749,0.13586441071846803,0.15828198687687842,0.18085465425860567,0.20357643341144022,0.22644126742370843,0.24944500263833105,0.27258567727206023,0.2958633249812668,0.31927978569601123,0.3428385067683708,0.366544360998006,0.3904031815748401,0.41441983679981464,0.4385947871839713,0.4629219667733228,0.487390184510432,0.5119862030242057,0.536696463049031,0.5615072331099314,0.5864043961774973,0.6113732510667546,0.6363983089817044,0.6614630899017667,0.6865499210863455,0.7116397337563087,0.7367124230049665,0.7617489711381142,0.7867344681681877,0.8116588014215912,0.8365141066398704,0.8612927071197202,0.8859885824233527,0.9105996194292911,0.9351267405125914,0.9595705243553793,0.983928556408225,1.0081945982000868,1.032359117812655,1.0564116436173276,1.0803437606699122,1.104150508035277,1.1278303978877906,1.1513852054700127,1.174819771182102,1.1981418109510447,1.2213612601258135,1.244488490515994,1.267533134406817,1.2905051400745062,1.3134160192963813,1.336279099030196,1.3591103888406557,1.3819300051561643,1.404761739864025,1.4276311842118519,1.4505642812088253,1.4735850288635866,1.4967125831988715,1.5199606519504345,1.5433383562543368,1.5668503939138974,1.5904969691089592,1.6142747136784616,1.6381783209145104,1.6622013376804847,1.6863360657795758,1.7105733528888512,1.7349023940618096,1.7593105561254425,1.783783979831318,1.8083099268612994,1.8328786727489517,1.857481946199245,1.8821099352459947,1.906749870769117,1.9313857175854774,1.955998391466888,1.9805676054559624,2.005074970501123,2.029505875575133,2.053848933176383,2.0780940814145707,2.1022320807116985,2.1262559012788764,2.1501616590447985,2.173948251308229,2.197615719024782,2.221163755631354,2.2445918808122878,2.267899217460552,2.2910839674664234,2.3141446573772995,2.3370822826803535,2.359902043495444,2.382613132252155,2.4052268828837424,2.4277556174351433,2.4502123791971457,2.4726102529148752,2.4949599738823425,2.517267173748706,2.539532773994678,2.561755638597505,2.5839340175453924,2.606065578761633,2.6281472284816725,2.650174632485463,2.6721406139835304,2.694033669628763,2.7158386926223614,2.7375384292318077,2.7591145807047974,2.7805502255866905,2.801832829525294,2.822955465750151,2.8439154594833824,2.864711364826278,2.8853417439440974,2.905806897332845,2.926109078848773,2.9462496973788377,2.96622705271546,2.986036570338238,3.0056732320588337,3.025133417310881,3.0444132579156538,3.063505929764004,3.0824019434643546,3.101092101790475,3.119569896543426,3.137832083337401,3.155878544599436,3.1737121355799087,3.191338536381604,3.2087660871339594,3.2260057942428606,3.2430723494231453,3.25998554146097,3.2767697059035195,3.2934518840329585,3.310060920194577,3.3266261083907644,3.3431730647158533,3.359720374166956,3.376280748488241,3.392862263572109,3.4094668776931383,3.4260893592187545,3.442718614491273,3.4593407613740768,3.4759415418399544,3.4925069225292305,3.509022978773912,3.5254757514038784,3.5418511897065703,3.558135965677598,3.5743190088653525,3.5903913970546824,3.606344569695611,3.622169212874634,3.637855445194846,3.6533942332495686,3.6687783644592256,3.684001178116372,3.699054924446618,3.713930260890133,3.7286161423583457,3.7430997014696583,3.757366113547265,3.7713987747944784,3.785180586678332,3.798695600989163,3.811929595836813,3.824869392461178,3.8375017957741657,3.8498146060475955,3.8617993487820823,3.8734527491197706,3.8847768324225913,3.895778814775866,3.9064710094652697,3.9168707315524225,3.9270002048058275,3.936886456923579,3.946560524673125,3.9560548531733044,3.9653999936886755,3.974622871429692,3.9837464651828687,3.992789737327275,4.001767548796286,4.010690580252339,4.019565254028348,4.0283936568288015,4.037173465228553,4.045897876009527,4.054555525834959,4.0631305199608665,4.07160354381865,4.079954783323395,4.0881665050292035,4.0962227292860955,4.104107855730011,4.111807368962589,4.119308845221519,4.126600107310852,4.1336658957513235,4.140486074813864,4.147036380337274,4.153291293090622,4.159226948788618,4.164822260640865,4.17005898084188,4.174921219634114,4.179393843959634,4.183461427592283,4.187110136825425,4.190330871791989,4.1931200569366505,4.195478064872742,4.197407994960695,4.198915492957989,4.200008715028503,4.2006983837485095,15,Male,45,124,178,89
4.200986789194337,4.20095796607993,4.200617521488292,4.199981329984036,4.199065101812073,4.197882000878466,4.196441153806765,4.194747330530595,4.192801446276357,4.1906018039540855,4.18814525057747,4.1854285630509445,4.182450915481574,4.1792148749750355,4.175724381710837,4.1719826775893765,4.167991926896414,4.1637538352712875,4.159270364632262,4.154544174003571,4.149579751841152,4.1443839966204195,4.138964093497777,4.133325410150805,4.127472291613471,4.1214092987744255,4.115140150672423,4.108665711254591,4.1019831737870405,4.0950869827156415,4.087970922030143,4.080629345466611,4.073057067637419,4.065250578129858,4.057210287062965,4.048939939161082,4.0404434247781245,4.031723342391761,4.022782359690128,4.013623934122999,4.0042509674711,3.9946652774932776,3.9848693346440696,3.974868135899085,3.964669854598607,3.95428593615556,3.9437308529155346,3.9330210613648564,3.922173833743665,3.9112065066558905,3.900135393339213,3.888974276920866,3.8777325033457952,3.86641307130389,3.8550127140423203,3.8435239560992835,3.831937163639289,3.82024264326366,3.8084330608527504,3.796504478312979,3.784454980349932,3.772281878561475,3.7599791790758297,3.747536881500761,3.7349426991562065,3.722185638880781,3.7092598408201325,3.696165639293424,3.682906877857099,3.669487696502338,3.6559112363287176,3.64217955752002,3.6282937334214083,3.6142539337982975,3.6000595125573436,3.585709095771635,3.5712006711021913,3.5565316783023952,3.541699100875938,3.5266995588487773,3.5115294026932924,3.4961848082542364,3.480661873222296,3.464956713093634,3.449065564331073,3.432984865929097,3.4167115387731126,3.4002440447179714,3.383583592256603,3.366733923942898,3.3497001829504156,3.3324883847299978,3.315105474109784,3.2975594415775826,3.2798594249107915,3.262015827379939,3.2440401512491164,3.2259437207618924,3.2077354467098225,3.189420195619113,3.170998743518152,3.1524690169560756,3.1338274250499514,3.1150694089503497,3.096189567267087,3.0771821749083212,3.058042073812233,3.0387643170263123,3.019342297571839,2.999766855485224,2.9800277821763332,2.9601163083621618,2.9400266202243435,2.9197557234933282,2.899301752808851,2.8786618002869737,2.857831353445366,2.8368060238754493,2.8155833320540147,2.7941621977337783,2.772541702974025,2.750721932995574,2.7287054496074146,2.7064965753699104,2.6840994597507155,2.661517109860941,2.638751467335018,2.6158044149317865,2.592680023191183,2.569386741572786,2.545937690982717,2.5223496112699584,2.498642058950573,2.4748365878700933,2.450955589222573,2.427021688494024,2.403057798775554,2.379087279559934,2.3551340778364294,2.331222869275649,2.307379215016137,2.283629502996662,2.259999864296183,2.2365140145455937,2.2131915194219696,2.1900473179706683,2.1670918355680446,2.1443311313751208,2.121767041363594,2.099397313712372,2.077216060496416,2.0552153594750875,2.0333874150013034,2.011724860161614,1.990218976516433,1.968858218949445,1.9476283438602158,1.9265141505694048,1.9055019863041913,1.8845813903755304,1.8637451179289355,1.8429880428221606,1.822306154981976,1.801695872537308,1.7811529294534134,1.760671426543745,1.7402436835862822,1.7198603840396793,1.6995107016463438,1.6791824316701143,1.6588621237017291,1.6385352035789604,1.6181861572427825,1.5977993953081266,1.5773613891072482,1.5568629635793378,1.5362997814176627,1.5156714120343981,1.4949812331486059,1.4742368564900898,1.4534490161213203,1.4326296743388574,1.4117911949668467,1.3909463552300416,1.3701086246524081,1.3492931753319912,1.3285181617122923,1.3078046913528416,1.287175562784688,1.2666535595247401,1.2462592485095487,1.2260091494523955,1.2059151445196232,1.1859845601028232,1.1662202866422176,1.1466211326396345,1.1271832459289566,1.1079025591885523,1.0887767375843254,1.0698055823094637,1.0509897729121631,1.0323286340286781,1.013818525170239,0.9954528141827511,0.9772231299482729,0.9591206883517449,0.9411372162951748,0.9232658533540026,0.9055012610991204,0.8878393715494403,0.8702778878079883,0.8528158721050576,0.8354518379847728,0.8181824046653323,0.8010020967380588,0.7839034797633375,0.7668778368448742,0.7499170585555257,0.7330155106031824,0.7161701710494407,0.6993798909283997,0.6826446799868748,0.6659652219850767,0.6493439502167693,0.6327871563171674,0.6163055034287754,0.5999122860572879,0.5836212887069376,0.5674458172877803,0.5513986582140922,0.535492174597274,0.5197385091014326,0.5041504918305625,0.4887429427520676,0.47353262142659913,0.45853612383318854,0.4437670122170263,0.42923372047695185,0.4149389991574569,0.40088084019519865,0.38705388925191864,0.3734502220054101,0.36005948221769096,0.34686918455281296,0.33386558704625474,0.32103382935180363,0.3083563176781159,0.29581097692218816,0.28337097481292445,0.2710061097619992,0.2586855260195339,0.24638067323165325,0.2340668531000313,0.22172269306055664,0.20932901197583456,0.19686844446059448,0.18432515107522615,0.17168335975524435,0.15892547524585598,0.14603217782408137,0.1329849106875284,0.11976869573440928,0.10637327137099153,0.09279229572432672,0.07902230415571462,0.06506247671413114,0.05091473307153337,0.03658382334608733,0.022077384851310132,0.007405462693500137,-0.007420639577864795,-0.022388696309723455,-0.03748447060284103,-0.05269124520638292,-0.06799075646672617,-0.0833634173832542,-0.09878718482916159,-0.11423722372408902,-0.12968685884456058,-0.1451077463946401,-0.16046954226557764,-0.175741880307941,-0.1908983007783717,-0.20591852010529282,-0.22078809993484133,-0.23549751333626565,-0.25004108090923105,-0.26441559798103753,-0.27861933058371197,-0.29265092471347054,-0.30650817881118175,-0.3201883336970418,-0.333690351767336,-0.34701776846715016,-0.36018065319011,-0.3731958007497737,-0.38608423085550225,-0.3988664741009673,-0.41155898389494006,-0.42417412787216313,-0.4367223888024639,-0.4492138137708655,-0.4616573862360561,-0.474060026866422,-0.4864271281625593,-0.4987636903130668,-0.5110747081303869,-0.5233651030900288,-0.5356396424271624,-0.5479028609457416,-0.5601589825105736,-0.572411841848303,-0.5846648060050393,-0.5969206983696482,-0.6091817106836916,-0.6214488277408741,-0.6337200338665577,-0.6459884204196424,-0.6582425030791962,-0.6704682081688926,-0.6826501448703257,-0.6947717799348367,-0.7068153548612555,-0.7187618167539053,-0.7305907490234714,-0.7422802927463397,-0.7538071307697929,-0.7651471619131311,-0.7762774302833118,-0.7871782965597223,-0.7978344521181587,-0.808235016778044,-0.818373363211174,-0.8282462658577429,-0.837852644712565,-0.8471933796522024,-0.8562714789878232,-0.8650907937710619,-0.8736549666928213,-0.881968699613605,-0.8900395319141281,-0.8978775563788522,-0.9054930291925484,-0.912893337859574,-0.9200812802015275,-0.9270564384776958,-0.9338186764582346,-0.9403704256293097,-0.9467163254199703,-0.9528621740650057,-0.9588153466121279,-0.9645859861479353,-0.970187525068326,-0.9756363881656754,-0.9809505461927153,-0.9861471180819337,-0.9912409466485631,-0.9962452195604223,-1.001172281561748,-1.0060328814784059,-1.0108345616583372,-1.015580041386368,-1.0202668352601956,-1.0248892458332948,-1.02944064691141,-1.0339141470696664,-1.0383020773806237,-1.0425947319810829,-1.0467792339907929,-1.0508392298952212,-1.0547554464851356,-1.0585074830620256,-1.062076126051224,-1.0654445723845096,-1.0685980673657038,-1.0715233164084983,-1.0742099931095688,-1.0766533820323783,-1.0788544646386942,-1.0808173363332476,-1.0825467377352085,-1.0840469635151644,-1.0853217870049632,-1.0863752156847764,-1.0872127936029896,-1.087842453578386,-1.0882745414699648,-1.0885208440238272,-1.0885924371295117,-1.0884975648696085,-1.0882409001335802,-1.0878245049973376,-1.0872500524115853,-1.086520869677286,-1.0856425355083161,-1.084621979487891,-1.0834663746038788,-1.0821834872209881,-1.0807827088192832,-1.0792744416138431,-1.0776678424020645,-1.0759689597281867,-1.0741801394742039,-1.0723000094491777,-1.0703234870793947,-1.068242084464182,-1.0660453455409307,-1.063723214229162,-1.061267754512094,-1.0586732809956574,-1.0559352258753902,-1.0530493365252334,-1.0500124582006791,-1.0468233142211276,-1.0434812855118867,-1.0399840616832388,-1.036326171859654,-1.0324991554334155,-1.0284933078238543,-1.0243000768303419,-1.0199140107130702,-1.015334296526259,-1.010565295534117,-1.0056155768174464,-1.0004968593109316,-0.9952231410043676,-0.9898088924354566,-0.9842674236747675,-0.9786110060381531,-0.9728517444822702,-0.9670025001472903,-0.9610782082479697,-0.9550968397835531,-0.9490795403263403,-0.9430497068002068,-0.9370301503288692,-0.9310398432160637,-0.9250938517011176,-0.9192065952407374,-0.9133947187548457,-0.9076771424067539,-0.9020729917383785,-0.8965995320097985,-0.8912715337678244,-0.886102158466217,-0.8811041248623857,-0.8762894769048772,-0.8716683775714509,-0.8672484717649886,-0.8630348561463927,-0.8590301154846226,-0.8552343453770268,-0.85164517632075,-0.848257801014327,-0.8450649848274993,-0.8420573751172269,-0.8392246220420192,-0.8365563352343419,-0.8340414707151458,-0.8316674738733225,-0.8294209798773842,-0.8272886684088402,-0.8252565485915049,-0.8233087882367366,-0.8214273305651443,-0.8195923430873853,-0.8177843123527492,-0.815987626822352,-0.8141927439499561,-0.8123956293286744,-0.8105966472724042,-0.8088002471670782,-0.8070144283184126,-0.8052489321711215,-0.8035129538511504,-0.8018144602412098,-0.8001618470348509,-0.7985662088830623,-0.7970419444886875,-0.7956056765330527,-0.7942752208700792,-0.7930686494412457,-0.792002298520932,-0.7910886091379776,-0.7903358461766886,-0.7897501376010296,-0.789338256645856,-0.7891082489541251,-0.7890671915535574,-0.7892199780233177,-0.7895707570870342,-0.7901235893720722,-0.7908813507849983,-0.7918449367605583,-0.7930131676815642,-0.7943828021093362,-0.7959485036313445,-0.7977030391722615,-0.7996380450686533,-0.801744121206665,-0.8040093978794917,-0.8064186683080551,-0.8089539875635541,-0.8115954514444946,-0.8143225517269661,-0.8171162199452511,-0.819959266491228,-0.822834567655256,-0.8257236212110697,-0.8286071327916139,-0.831465889778432,-0.8342800677903011,-0.8370287328561599,-0.8396920906395747,-0.8422546412033397,-0.8447059736432773,-0.8470395543101532,-0.8492511339911536,-0.8513375753784819,-0.8532960275523394,-0.8551226855198132,-0.8568116786752601,-0.858355280404641,-0.8597456888049442,-0.8609773496887521,-0.8620482921371962,-0.8629603387443407,-0.8637184563255516,-0.8643288504310658,-0.8647967158587275,-0.8651256698743697,-0.8653187909985609,-0.8653789054717295,-0.8653075258085816,-0.8651047036075488,-0.8647708233514873,-0.8643079820388935,-0.8637190452173128,-0.8630063887967531,-0.8621721069127996,-0.861217926459345,-0.8601440291146938,-0.8589482408121321,-0.8576259369841506,-0.8561700475318605,-0.8545712240365739,-0.85281875993792,-0.850901891629878,-0.848810712031845,-0.8465370138388808,-0.8440746070584246,-0.8414189134774189,-0.8385671964893866,-0.8355185540316298,-0.8322722330513006,-0.828825831899588,-0.8251747151587084,-0.8213120061000638,-0.8172288852641393,-0.8129163324097293,-0.8083683050573974,-0.80358325786749,-0.7985631040569477,-0.793312746843007,-0.7878404941044042,-0.7821573376267633,-0.776275798509769,-0.7702091548602672,-0.7639707092946414,-0.7575743213226275,-0.7510364534108052,-0.7443776680698422,-0.7376224773198975,-0.7307975991395043,-0.7239291263132792,-0.7170399563518535,-0.7101490825734058,-0.7032732237406333,-0.696429145109213,-0.6896343602042495,-0.6829060968514895,-0.6762603313244814,-0.6697116135420764,-0.6632731217104267,-0.6569566943770649,-0.6507728682116816,-0.644730913815556,-0.6388388711088326,-0.6331035854768352,-0.6275307377865943,-0.6221248949610495,-0.6168894249054786,-0.6118256991359807,-0.6069319226971434,-0.6022033735214323,-0.5976345304622568,-0.5932210254025224,-0.588959590471665,-0.58484685908879,-0.5808785149531159,-0.5770481067459727,-0.5733448096811302,-0.5697516944348494,-0.5662463041028651,-0.5628026921174042,-0.5593925352443129,-0.555986057809713,-0.5525549015300019,-0.5490751932865252,-0.5455286866922084,-0.5419025403041999,-0.5381879111355852,-0.5343776279816214,-0.5304645118411248,-0.526441282573013,-0.5223020996071728,-0.5180449555796459,-0.5136733021688127,-0.5091960580600451,-0.5046255787109293,-0.49997367638076495,-0.49524824810400614,-0.4904531796438565,-0.4855904299802682,-0.4806619911669145,-0.475671456381246,-0.47062515499980906,-0.46553299394545244,-0.46040910633454507,-0.4552704753395164,-0.4501336645830808,-0.4450131808550596,-0.43992237342748153,-0.4348744108975299,-0.4298818343775704,-0.4249553362261376,-0.42010355169830965,-0.4153342303716258,-0.41065510640207725,-0.40607324247225135,-0.4015929462701821,-0.39721372218247797,-0.39293025167254814,-0.3887343376588527,-0.3846160927672448,-0.38056282184869483,-0.3765580710813897,-0.37258296892531717,-0.3686183942586492,-0.36464675105453853,-0.36065319158856285,-0.356625365044703,-0.3525523954278941,-0.34842544402331005,-0.34423975829255915,-0.3399953821857886,-0.3356955257923832,-0.33134475978053607,-0.32694842317029615,-0.32251262507266776,-0.31804426558164717,-0.3135513512391119,-0.30904443167165946,-0.30453898998726475,-0.3000565077941643,-0.29562197857895317,-0.29125920954513235,-0.28698757541865827,-0.2828215916855442,-0.27877252365630467,-0.27485077536987224,-0.2710674469225675,-0.2674347001293028,-0.2639653087426168,-0.26067145055119695,-0.2575635886850324,-0.2546496883589065,-0.25193454354145256,-0.2494205266483617,-0.24710965835355037,-0.2450049415747233,-0.24311060721956976,-0.2414321119011357,-0.23997616155660972,-0.2387506612277493,-0.23776404819294342,-0.23702407681254323,-0.2365374985636079,-0.23631048341208105,-0.23634824522176337,-0.23665421426021963,-0.23722910858652108,-0.23806961775490246,-0.23916767104345474,-0.24051111429727803,-0.24208502967361506,-0.2438726430122635,-0.2458564119320849,-0.24802036472731573,-0.2503528941182943,-0.2528477978758749,-0.25550278784484465,-0.2583177319644639,-0.2612948483698868,-0.2644397440432444,-0.26776083967339726,-0.2712670955389497,-0.2749663107445356,-0.2788657393991893,-0.2829743779720576,-0.28730423500322416,-0.29186844805309387,-0.29667766800232614,-0.30173805510575724,-0.3070521427443065,-0.31262115671392154,-0.3184463285503243,-0.3245278071772154,-0.33086263673999133,-0.33744466405898826,-0.34426686208801627,-0.3513240404634101,-0.35861391285992517,-0.36613619060873287,-0.3738909298671659,-0.3818769333406638,-0.39009109054340224,-0.3985292432529732,-0.4071866785463383,-0.4160565837847807,-0.4251282502757588,-0.4343875199997655,-0.4438182082262144,-0.45340208498622087,-0.46311865079563447,-0.4729461442642026,-0.48286247595105597,-0.4928453827104305,-0.5028722803808303,-0.5129194938828515,-0.5229609727061828,-0.5329680816870831,-0.5429106927775157,-0.5527581000489789,-0.5624800057711763,-0.5720485682954105,-0.5814405025050036,-0.5906377997543377,-0.5996269106863492,-0.6083973770655328,-0.6169408781239819,-0.6252501689513514,-0.6333178926501934,-0.64113695559961,-0.6487026624798965,-0.656014640637789,-0.6630775077361875,-0.6699006591350767,-0.6764969617040302,-0.6828804037943643,-0.6890641801686498,-0.6950603133273119,-0.7008806777551589,-0.7065376344027943,-0.7120423052993086,-0.7174023817565081,-0.7226225685351886,-0.7277068829244872,-0.7326599392262884,-0.7374862019183809,-0.7421891453972835,-0.7467719900343216,-0.7512384348224135,-0.7555917976626675,-0.7598333953018738,-0.763961416240853,-0.767971454840231,-0.7718580230016497,-0.7756147112857867,-0.7792333585251772,-0.7827037595952804,-0.7860142189901125,-0.7891527616135526,-0.7921075686517556,-0.7948659203027398,-0.7974131602949672,-0.7997324509764486,-0.8018048327677778,-0.8036099315756309,-0.8051280130351942,-0.8063429294701894,-0.8072444272415371,-0.8078284711183307,-0.8080959712930627,-0.8080511181881151,-0.8077000283548782,-0.8070507448909972,-0.8061143011685131,-0.8049046877328593,-0.8034377878396395,-0.8017314609680252,-0.7998067826470907,-0.7976886456258377,-0.7954047528467124,-0.7929833816375483,-0.7904512303415252,-0.7878315116420601,-0.7851418298305379,-0.7823935028996095,-0.7795929898405397,-0.7767424594718653,-0.7738386095695435,-0.7708735128496067,-0.7678387103553327,-0.7647287945370138,-0.7615425310937313,-0.7582826058948116,-0.7549541906575601,-0.7515626040201095,-0.7481116556605495,-0.7446032123419544,-0.7410375940506511,-0.7374147713991498,-0.7337351575334516,-0.7299988159287043,-0.7262043249870117,-0.7223484421598378,-0.7184261487127163,-0.714431159625133,-0.7103571762075438,-0.7061984670928105,-0.7019483935401172,-0.6975971241718869,-0.6931309090370275,-0.6885331266223059,-0.6837854342650389,-0.6788693223543331,-0.6737692921465656,-0.6684755061503364,-0.6629839075014059,-0.6572954099565276,-0.6514149493086066,-0.6453495815447109,-0.6391071301391993,-0.6326971430494874,-0.62613220368068,-0.619427766462977,-0.6126022872017388,-0.6056783076030607,-0.5986825000525037,-0.591644374328725,-0.5845944981936972,-0.5775623985118993,-0.5705754546055471,-0.5636594341890352,-0.5568391782301241,-0.5501385514858649,-0.5435792911057572,-0.5371789564383238,-0.5309504457168304,-0.5249049028741346,-0.5190556792642192,-0.513419585851932,-0.5080152430497956,-0.5028613101673035,-0.49797594107433435,-0.4933767877866441,-0.48908103977433354,-0.4851051218624198,-0.48146358796305877,-0.4781679246135657,-0.4752257610327151,-0.4726397162906942,-0.4704062264389137,-0.46851556882870626,-0.466953492913405,-0.4657036005407753,-0.4647488675114555,-0.46407200116463637,-0.463655427605064,-0.463480804346185,-0.4635277923107024,-0.46377355423739247,-0.4641948616141836,-0.4647722380213651,-0.46549297578525367,-0.4663507329227795,-0.4673428342651569,-0.46846773353127735,-0.4697238260256963,-0.47110923357550244,-0.472621870491276,-0.4742601995153926,-0.47602524050745004,-0.477922786800841,-0.4799643803696467,-0.48216647517876854,-0.48454751682816893,-0.48712457996999337,-0.4899122568430868,-0.4929228802478484,-0.49616616037023675,-0.4996492053451589,-0.5033768070047486,-0.507351025451467,-0.511571432391673,-0.5160363002900076,-0.5207432835069488,-0.525689458503045,-0.5308712823590673,-0.5362845666775421,-0.541924440723721,-0.5477853344784248,-0.5538606946840259,-0.5601418967112173,-0.5666171961826842,-0.5732725156636924,-0.5800934392364262,-0.587065512037801,-0.5941730062789496,-0.6013994360460917,-0.6087291410681949,-0.6161466263059536,-0.623634172818823,-0.631170565234544,-0.6387318243931034,-0.6462923379754634,-0.6538252030391631,-0.6613026392214808,-0.668697632290653,-0.6759862512886984,-0.6831490477077715,-0.6901713165630257,-0.6970430514953587,-0.7037588823600326,-0.7103174362459143,-0.7167194816828066,-0.7229662052671674,-0.7290597993929204,-0.7350055005664172,-0.7408127706151065,-0.7464954580503195,-0.7520716877459924,-0.7575630614205288,-0.7629926017462266,-0.7683824885529023,-0.7737529585478837,-0.7791221267903007,-0.7845059607515399,-0.7899182432068051,-0.7953705173738652,-0.80087217981482,-0.8064312806370496,-0.8120558017768784,-0.817754399923722,-0.823536303013173,-0.8294103595852838,-0.8353836730301818,-0.8414610527809987,-0.8476458690147457,-0.8539411214824238,-0.8603490602492572,-0.8668699093043912,-0.8735012031616408,-0.8802377055560212,-0.8870713638493058,-0.8939915346571763,-0.9009860244329199,-0.9080420128498299,-0.9151454317867795,-0.9222797032463518,-0.9294252129091871,-0.9365592514476937,-0.9436563318673155,-0.9506896789201221,-0.957633558245389,-0.9644652341804419,-0.9711665138897189,-0.9777244477394698,-0.9841304472665745,-0.9903791027164175,-0.9964677891481459,-1.0023961434274167,-1.0081648015852573,-1.0137747888410322,-1.0192284518876822,-1.0245304984605157,-1.029688232988001,-1.0347114744114883,-1.0396118702366606,-1.0444009970176573,-1.0490887305801364,-1.0536839670110008,-1.058196677671392,-1.0626389708789583,-1.0670244484029614,-1.071366121661333,-1.0756742454069976,-1.0799561061367586,-1.0842178535273221,-1.08846576203887,-1.0927050335559347,-1.0969378553776306,-1.1011634039559515,-1.1053799079946118,-1.109586585352485,-1.1137834194858403,-1.1179690021109099,-1.1221384526353053,-1.126282786179061,-1.1303899656716814,-1.1344471662533602,-1.1384425038597221,-1.1423644736671206,-1.1461998925318422,-1.1499332543198715,-1.153548398278542,-1.1570303083123303,-1.1603654209175853,-1.163540250883469,-1.166539317879876,-1.169344804061436,-1.1719383868354551,-1.1743029153921105,-1.1764228671199843,-1.1782847106932244,-1.179878060711718,-1.181196464603825,-1.1822366037464203,-1.1829971243443695,-1.1834787003884328,-1.183685240192697,-1.1836245302502117,-1.1833068454606286,-1.1827425877069324,-1.1819408801065001,-1.1809093142987075,-1.1796545084829566,-1.1781833822798073,-1.1765041998505061,-1.1746268361165397,-1.1725627180597142,-1.1703241996547635,-1.1679233312102173,-1.1653715755574752,-1.162680870741976,-1.1598638104456636,-1.1569318795325583,-1.1538940539710292,-1.150757831981643,-1.147531313705102,-1.1442241400405888,-1.1408467001325504,-1.1374081095790427,-1.133915082954354,-1.1303730956063913,-1.1267873771543313,-1.1231617431807919,-1.1194977010247276,-1.1157958727654924,-1.1120579809671922,-1.1082874679946628,-1.1044884133648116,-1.1006632733543842,-1.0968109762843656,-1.0929262626732816,-1.0889998881981273,-1.085020180664851,-1.0809767103010228,-1.076864206273921,-1.0726835914921093,-1.0684402341805466,-1.0641422420441722,-1.0597996491342057,-1.055423294293343,-1.0510239763510392,-1.046613183838112,-1.0422043139843218,-1.0378131130311834,-1.0334572961801605,-1.029155382285012,-1.024925983218688,-1.0207882199389413,-1.0167611945794053,-1.012862000336141,-1.0091048207718936,-1.0055023927488005,-1.0020678222273862,-0.9988141466576465,-0.9957523157304872,-0.9928905067658116,-0.990235781462388,-0.9877964129551334,-0.9855831356022688,-0.9836093127154835,-0.9818902103672349,-0.980441030856101,-0.9792746708887057,-0.9784006272206849,-0.9778248317476123,-0.9775497620367734,-0.977575213722993,-0.9778995127994933,-0.9785195657960883,-0.9794296698036763,-0.980620685223003,-0.9820799180555017,-0.9837911371862211,-0.9857345459260834,-0.9878869428339341,-0.9902226193360255,-0.9927146681358727,-0.9953356562999571,-0.998057854114111,-1.0008546001085559,-1.0037035674258006,-1.0065897637757453,-1.0095052915642042,-1.0124460563196822,-1.0154088815586546,-1.0183911277657174,-1.021390794874973,-1.024406085777355,-1.027435988105786,-1.0304817908717627,-1.0335486790376895,-1.036646607962917,-1.0397892228747554,-1.042991106324014,-1.046264966394507,-1.049620019070515,-1.0530615730274315,-1.0565910062653503,-1.060205751797165,-1.0638997507215926,-1.0676651360097218,-1.0714945688857673,-1.0753826125361352,-1.0793254514779036,-1.0833190518622657,-1.0873568467214196,-1.091428971093876,-1.0955232713939402,-1.0996263622980287,-1.1037244538586324,-1.107804609797379,-1.1118557016837674,-1.1158685898902727,-1.119836079202646,-1.1237529117202496,-1.1276156689316512,-1.1314219178827956,-1.1351681173394803,-1.138847413592936,-1.142448635646732,-1.1459561457316771,-1.1493499467069057,-1.1526066341389947,-1.155701559062152,-1.1586108762544551,-1.1613125320026922,-1.1637872477555407,-1.1660196298342247,-1.1679979224884387,-1.1697127630504478,-1.1711564985601266,-1.1723231161997516,-1.1732082515847502,-1.1738091633659895,-1.1741249774063864,-1.1741577262254579,-1.1739136029824653,-1.17340379563755,-1.1726453223509383,-1.1716605789559948,-1.1704740601965067,-1.169108306095387,-1.1675817150409993,-1.165908429939477,-1.1640994955859496,-1.1621640656398236,-1.1601102184467933,-1.1579461587388857,-1.1556813960470633,-1.1533271136871892,-1.150895715609574,-1.1483996306274573,-1.1458506774221875,-1.1432604821911783,-1.1406398181057849,-1.1379965936192846,-1.1353350927702286,-1.132657584618537,-1.1299666335498404,-1.1272657238771864,-1.124557644043486,-1.1218428366197968,-1.1191195139550543,-1.1163845165443784,-1.1136342233693413,-1.1108658555670492,-1.1080784241596828,-1.1052728429226144,-1.1024510613376473,-1.0996141128274812,-1.0967607313253012,-1.093887820598391,-1.090992139311811,-1.0880724708761926,-1.0851308755366915,-1.0821722676647791,-1.0792037631524076,-1.0762346038162605,-1.0732760367806335,-1.0703401971400281,-1.0674380450456307,-1.064578595515958,-1.0617702832109808,-1.0590218630264963,-1.0563418317506046,-1.0537376220617847,-1.0512147735997877,-1.0487770028265029,-1.046427993717268,-1.0441731855032121,-1.0420200449708443,-1.039976677471928,-1.0380494745487985,-1.0362417598571858,-1.0345548242643905,-1.0329902956698935,-1.0315513983144429,-1.0302422051743958,-1.0290668735904287,-1.028030034009572,-1.0271363192025695,-1.0263888194018027,-1.0257888134021547,-1.0253360930616355,-1.0250280283007198,-1.0248579435319092,-1.0248136027176264,-1.0248766974008856,-1.025023878817329,-1.0252284375362344,-1.0254624408841502,-1.0256989823609843,-1.0259127312596716,-1.0260781981835032,-1.0261674490147803,-1.0261490290043076,-1.025988560602823,-1.0256508601567205,-1.025102980860727,-1.0243173310167653,-1.0232740207213116,-1.0219617638504355,-1.0203770950486728,-1.0185222452537221,-1.0164029189140507,-1.014026401074606,-1.0113994301607085,-1.008527181876489,-1.0054146766427927,-1.0020685862994207,-0.9984971075191842,-0.9947089162406546,-0.9907134994202346,-0.9865219986341355,-0.9821458679151235,-0.9775948438331538,-0.9728775601102839,-0.9680027625386599,-0.9629781760967,-0.957808768646504,-0.9524964726428589,-0.9470415862803732,-0.9414451594665435,-0.935710755640064,-0.929844986287873,-0.9238572056046271,-0.9177583919307144,-0.9115599797803787,-0.9052734798887869,-0.8989109164681812,-0.8924860600105495,-0.8860156173125291,-0.8795191681609399,-0.8730175090636165,-0.8665303295844794,-0.8600748328381781,-0.8536659912835677,-0.847317799041501,-0.8410432543727503,-0.8348516097835924,-0.8287456084751517,-0.8227212578516602,-0.8167687638626688,-0.8108741122086824,-0.8050223244326563,-0.799200743569571,-0.7934004301853176,-0.7876163536417667,-0.7818474310435741,-0.7760964960707416,-0.7703694818726579,-0.7646734831356115,-0.7590153917817614,-0.7534022482764945,-0.7478421273874836,-0.7423450029469832,-0.7369232308086584,-0.7315910763555087,-0.7263637826758641,-0.7212556910520765,-0.7162778334333698,-0.711437462951285,-0.7067392376162914,-0.7021859494003931,-0.6977786177505327,-0.6935164905982473,-0.6893973013761363,-0.685418325108432,-0.6815774365749439,-0.6778726685879249,-0.6743010029502989,-0.6708578454778974,-0.6675370192721115,-0.664330803461908,-0.6612296354774138,-0.6582210041224962,-0.6552885944932872,-0.6524130100874209,-0.6495729922063225,-0.6467462536677315,-0.6439110869452954,-0.6410483338005962,-0.6381413150691125,-0.6351738615230651,-0.6321293048539824,-0.6289913848112775,-0.6257448976040376,-0.6223748096783742,-0.6188656999910451,-0.6152027837697688,-0.6113736095881133,-0.6073701526228751,-0.6031905553918119,-0.5988391309284115,-0.5943256098866058,-0.5896648811354345,-0.5848763208462004,-0.5799818404708951,-0.5750036522416275,-0.5699632496174377,-0.5648820842475499,-0.5597836510640946,-0.5546957310193401,-0.5496512454581539,-0.544686605216125,-0.5398374598506187,-0.5351345687142449,-0.5306029672145438,-0.5262639670439937,-0.5221373028174121,-0.5182418338694891,-0.5145947239531214,-0.5112103163258269,-0.5081003936869016,-0.5052754287588838,-0.50274527595357,-0.5005192459829176,-0.4986061094858608,-0.49701410745602115,-0.49575097557999803,-0.4948236962068197,-0.49423743869032977,-0.4939945778618643,-0.4940952560628866,-0.49453831389143643,-0.49532037114393995,-0.49643348223515427,-0.49786377237891066,-0.49959247044512217,-0.5015982624700289,-0.5038589104667338,-0.5063516596168165,-0.5090532331604402,-0.5119398161318939,-0.5149866020144915,-0.5181665730454145,-0.5214498412186876,-0.5248050503760441,-0.5282022250118147,-0.5316154041505483,-0.5350239847579683,-0.5384129846189761,-0.5417729765853652,-0.5450994826035369,-0.5483917160703623,-0.5516521693422345,-0.5548876602249886,-0.5581103102583439,-0.5613376817675088,-0.5645919029919968,-0.5678969512149425,-0.5712750195137377,-0.5747436735326125,-0.5783136404346825,-0.5819882682492542,-0.5857659213357891,-0.5896428317789553,-0.5936141502815178,-0.5976741236369753,-0.6018170516183212,-0.6060394624295379,-0.6103420133923546,-0.6147292260365838,-0.619207304141583,-0.623782084235604,-0.6284582501877095,-0.6332392511797269,-0.6381272645771207,-0.643123384325004,-0.6482286125907878,-0.6534448693029605,-0.6587745036785282,-0.6642190427500929,-0.6697783138476135,-0.6754495690020268,-0.6812279082901186,-0.6871088887275842,-0.6930899885664404,-0.6991691788908846,-0.7053432314430619,-0.7116072264443505,-0.7179541306798195,-0.7243735882095076,-0.7308515237298321,-0.7373725386706724,-0.7439233986995055,-0.7504948606037237,-0.7570819536050177,-0.7636834486235967,-0.7703006018034398,-0.7769365125258696,-0.7835964786238673,-0.7902872579417946,-0.7970155304981642,-0.8037878101502186,-0.8106112384484253,-0.8174944198578469,-0.82444855080519,-0.8314870024600055,-0.8386222714567931,-0.8458634545210135,-0.8532169103383405,-0.860688213297329,-0.8682824662879073,-0.8760030656899921,-0.8838508549308242,-0.8918248341914505,-0.899924142911538,-0.9081492107610686,-0.9165004876450015,-0.9249763829197871,-0.9335723218525114,-0.9422806118084867,-0.9510904021878099,-0.9599876291565738,-0.9689549689945385,-0.9779717732060627,-0.9870142028842505,-0.9960563628301112,-1.0050725353983396,-1.0140390442776548,-1.022934855248013,-1.0317415721436323,-1.0404431316303926,-1.0490244079814568,-1.0574691023818876,-1.0657593017162852,-1.0738772496454985,-1.0818070074405854,-1.0895352400613953,-1.0970523239224848,-1.1043531488365974,-1.111436343061984,-1.1183026489595442,-1.1249528858927267,-1.1313855441774672,-1.1375956510172183,-1.1435760335249179,-1.149319660190113,-1.1548215465907252,-1.1600802556060767,-1.1650984442544097,-1.1698818798087391,-1.1744382965379754,-1.178776500317367,-1.1829044953223813,-1.186827175519546,-1.1905456986377394,-1.1940591617100118,-1.197366873599285,-1.2004695105866774,-1.203369279940938,-1.2060698869965336,-1.2085765163001803,-1.2108958273989938,-1.2130358454869314,-1.2150051733555287,-1.216811762914773,-1.2184628613147348,-1.219966083579898,-1.2213292586954367,-1.2225584928426128,-1.2236570526236046,-1.2246266863182096,-1.2254696056533545,-1.2261891575478807,-1.2267887633157293,-1.227269849167145,-1.227630817204703,-1.227867616185873,-1.2279743488637131,-1.227943110659843,-1.2277629525034017,-1.2274188440043927,-1.226892392732182,-1.2261644137478207,-1.2252178271532754,-1.224039465553097,-1.2226209312022904,-1.2209594217054196,-1.2190575116220739,-1.2169212730749053,-1.214558273890453,-1.2119759818373905,-1.209180963907952,-1.2061796799390785,-1.202980086999144,-1.1995932358958739,-1.1960344427208727,-1.1923236343402623,-1.1884843941794259,-1.1845410092271393,-1.1805150607386776,-1.176424272462093,-1.1722835278808237,-1.1681059618013714,-1.163903238935102,-1.1596856078498434,-1.155462527569481,-1.151243993211911,-1.147041492503946,-1.1428675772984347,-1.1387346441558028,-1.1346546419078947,-1.1306394396657653,-1.1266997325541461,-1.122843106990815,-1.1190737768336894,-1.1153936900931776,-1.1118026285862714,-1.108297029322224,-1.1048692866232146,-1.101508647040945,-1.0982032948867122,-1.094941432590582,-1.0917099474874252,-1.08849247305713,-1.0852685859318856,-1.0820139560537254,-1.0787013390293165,-1.0753018742624318,-1.0717861732779537,-1.0681266347318579,-1.0643008300431418,-1.0602927393372794,-1.0560911251934362,-1.0516877561941813,-1.0470765838598006,-1.04225236687548,-1.0372086560625577,-1.0319375065795313,-1.0264313640230671,-1.0206847834992199,-1.0146949349830363,-1.0084616469368468,-1.0019874427830726,-0.9952771775057516,-0.9883360673253371,-0.9811666049207534,-0.9737680165765008,-0.9661391735385876,-0.9582807631391501,-0.9501942765330819,-0.9418802166158374,-0.9333385265972958,-0.9245706968199502,-0.9155811823001506,-0.9063776698715877,-0.8969705414304767,-0.8873716471619512,-0.8775933507280133,-0.8676483716432889,-0.8575497975036338,-0.847310475204019,-0.836941763604794,-0.8264526682224347,-0.8158497105130028,-0.8051371003644231,-0.794317559676121,-0.7833936042880129,-0.7723676754170034,-0.7612410404039726,-0.7500129038010339,-0.7386795106896508,-0.727233060633774,-0.7156618629911098,-0.7039517581661836,-0.6920881528792993,-0.6800595101120701,-0.6678614957915506,-0.6554986635490629,-0.6429830760441231,-0.6303322575291828,-0.6175675762842198,-0.6047129984661569,-0.5917943386544601,-0.5788380002646903,-0.5658687214789303,-0.5529081082034647,-0.5399752199878897,-0.5270878797100398,-0.5142632559363761,-0.5015179640928686,-0.4888678060250859,-0.4763263490769537,-0.46390300143732077,-0.451603003407785,-0.4394294501265125,-0.4273845407982951,-0.41546927382950133,-0.4036839972756288,-0.39203003729136293,-0.3805100297805698,-0.3691271980225373,-0.3578850825161464,-0.3467870789527826,-0.33583474689786674,-0.3250260928595725,-0.31435557559601746,-0.3038150116846434,-0.293394499830291,-0.28308375913904277,-0.27287319866266796,-0.26275420246391834,-0.25271917865879295,-0.2427616273511761,-0.23287621388463126,-0.22305876698049265,-0.21330550966695963,-0.20361115498495952,-0.19396755866682558,-0.1843639804912319,-0.1747871603571068,-0.16522124559148,-0.15565015042486566,-0.14606165807203633,-0.1364494616166967,-0.12681196979571527,-0.11715038254475495,-0.10746793270245114,-0.09776987992029114,-0.08806358020790062,-0.07835854201521912,-0.06866648624183638,-0.059001400402542814,-0.04937960831828105,-0.039819599605749656,-0.030340799701956026,-0.020961306574274363,-0.011696110504173553,-0.002556852694500093,0.006446754593484769,0.01530452258265648,0.02400399529170813,0.03253023147977238,0.04086723431044982,0.04899990868317619,0.056914109235433136,0.06459504062582938,0.07202721620920804,0.07919639010360553,0.08609105337025023,0.09270273911299644,0.09902551160110283,0.10505471321549897,0.1107863067669644,0.11621777671380412,0.1213491906611955,0.12618344902988057,0.1307262391478017,0.13498600704425615,0.13897392563913008,0.14270386508940897,0.1461923647059603,0.14945860205507075,0.15252437799340518,0.15541402275739766,0.15815366476295986,0.16076998814468585,0.16328994941188324,0.16574107021812684,0.16815023360097253,0.17054162808684697,0.17293572497194218,0.17534915241402296,0.1777946708675398,0.1802812858103694,0.18281510493633857,0.18540048235030263,0.18803986054258698,0.19073251030288002,0.19347397221854962,0.19625690511210503,0.19907237607019124,0.20191069368956427,0.20476264977620068,0.20762181207771746,0.21048594632032358,0.2133553201582515,0.2162293687440998,0.2191056097629554,0.2219813510875358,0.22485544320433215,0.22772879904008597,0.23060439990718307,0.23348694169501422,0.23638167595251808,0.2392935336920375,0.24222782916691843,0.245191429914838,0.24819314483972404,0.2512436996699189,0.25435528408189834,0.2575403289008668,0.26081079847650757,0.264179074879958,0.26765955030212873,0.27127014179324727,0.27503279670645003,0.27897195203770975,0.2831121957075762,0.28747749304303466,0.29209219359124566,0.2969820284501532,0.3021743037325861,0.30769785483499695,0.3135829590466172,0.3198605531626497,0.32656020013873954,0.333707789749091,0.3413244867679224,0.3494272811145272,0.358030169734166,0.36714418089264367,0.3767762346748975,0.3869291726696028,0.39760360193810007,0.4087989922107129,0.42051232959101775,0.43273604149834294,0.4454572107791088,0.45865849929240116,0.4723203120781738,0.4864227234081548,0.5009461489425322,0.5158713223022585,0.5311791831061341,0.5468510139929204,0.5628693740417018,0.5792190417245665,0.5958864605624921,0.6128584061295225,0.6301213298977071,0.6476612279876902,0.665463542031012,0.6835130540729539,0.7017937722311623,0.720289163409557,0.7389831909531696,0.7578610429963555,0.7769082766246518,0.7961099184556476,0.8154515536847013,0.8349215705021112,0.8545121149913895,0.8742176497004989,0.8940324658710305,0.913949129717996,0.9339585759989186,0.9540517613306779,0.9742218830263679,0.9944655754236507,1.0147824369453997,1.0351730316411494,1.0556364602223909,1.0761689756694215,1.0967637040839913,1.1174111805291516,1.138100509472391,1.158820260110688,1.1795592247599074,1.2003075836925852,1.2210576924681351,1.2418040347646284,1.2625421928219567,1.2832667190184954,1.303969768937449,1.324642162449731,1.345275273736016,1.3658618153117503,1.3863957979131543,1.4068723913588246,1.4272878014912818,1.4476391373915694,1.4679243022301705,1.4881416756061403,1.5082890097608892,1.5283622181566408,1.548355605511173,1.5682629854790135,1.5880781517000928,1.60779505233288,1.6274087118164595,1.6469163629763586,1.6663181595669982,1.6856178798737358,1.7048226273507927,1.7239408430147747,1.7429804980747345,1.761948493807727,1.7808508958354548,1.799694359450658,1.8184879825274178,1.8372435828572178,1.8559752174202233,1.8746998849001382,1.8934381051538376,1.9122129071574316,1.9310480580069265,1.9499653858413784,1.9689810642756191,1.9881030481872017,2.0073309771929115,2.0266579033358387,2.0460725264806148,2.06556094815383,2.08510806305642,2.104698436703643,2.1243163473563533,2.1439449925849146,2.1635650583558657,2.183153732541756,2.2026851899354423,2.22213260976179,2.241471107323369,2.260680652254207,2.2797472602782096,2.298660917134133,2.317412236242968,2.335991438827816,2.3543892117892984,2.3725965163759035,2.3906034097299247,2.4083990727254903,2.4259729287939953,2.4433152537141405,2.4604171408512947,2.477270386195096,2.4938673712498485,2.5102011711536534,2.5262664897695517,2.54206035243983,2.557580756386709,2.57282563589507,2.587795031234956,2.6024940040847997,2.616933346297241,2.631128104636138,2.645095448811992,2.658853996734472,2.6724244670907504,2.685830029105509,2.699095845812363,2.7122478089973026,2.7253112637041252,2.7383101046574434,2.751265058948075,2.7641916935671906,2.777100529879467,2.7899989864527943,2.802892743279154,2.8157859353595556,2.8286805321570463,2.841575028636746,2.8544638592452745,2.867338341189436,2.880187590588275,2.892998107817755,2.9057531238149887,2.9184341172389034,2.9310240972940376,2.9435096680083572,2.955881255712733,2.968132199453194,2.980256733871849,2.9922484575242367,3.0041004463311016,3.015805123887874,3.0273531225643384,3.0387332941277188,3.0499346627905415,3.060948487120599,3.071769071073101,3.0823937977821485,3.092822910256012,3.1030583531645077,3.113101654831047,3.122952801168723,3.1326107140835022,3.142073999363347,3.151341956007718,3.1604155716603475,3.169297047945942,3.1779887566795133,3.18649363937727,3.194816388025523,3.2029639413648305,3.2109454587772794,3.2187722614535548,3.2264577791676166,3.234017502245301,3.2414685902475977,3.248828310825727,3.2561119954341793,3.2633325406064095,3.2705007339890932,3.2776244066107583,3.2847072195358407,3.2917482617250307,3.2987424817321402,3.3056823496598833,3.3125601554332547,3.3193688515362663,3.3261005500158203,3.332744703011902,3.339288545400744,3.3457191260772516,3.3520245693740174,3.3581942740010287,3.3642188133915534,3.3700892572245174,3.3757958990626635,3.381327930771421,3.3866745224434505,3.391825736477877,3.3967726687483015,3.401507400771537,3.406022975519574,3.410313368619883,3.4143734607901615,3.4181990167737286,3.4217866436724043,3.425133900721624,3.428240144940366,3.4311076821699307,3.433741587485614,3.4361486462953774,3.4383373678013798,3.4403180633588946,3.4421014660303753,3.4436977768122987,3.445117229555678,3.4463706640622602,3.4474695750370294,3.448426088519129,3.449252955612898,3.449963539489281,3.4505718165478925,3.4510920866623858,3.4515375677235562,3.4519180375897536,3.452238109885361,3.452496737659174,3.452687559856266,3.4528004151754357,15,Male,45,124,178,89
3.4528241915454823,3.4527428848614243,3.4525396651678286,3.4522023667159423,3.451717506277665,3.4510696203142857,3.4502424975309065,3.4492203958391587,3.447988408775278,3.4465333928708044,3.4448454271657187,3.442917745957639,3.4407452826254734,3.438323836003432,3.4356500078367387,3.432721241579467,3.4295354455132903,3.4260896350096908,3.4223790081302696,3.4183979703558443,3.414141522333813,3.4096056596967106,3.404787397538895,3.3996847947961824,3.3942970997357222,3.3886257381641363,3.382675787154498,3.3764559030838295,3.3699768882861267,3.363250900719632,3.356291427271295,3.349113339701157,3.341732939820432,3.33416800850312,3.3264378544862443,3.318563368925463,3.3105670451019953,3.3024722799795105,3.294301103649958,3.286071475769694,3.277795971240486,3.269481797923551,3.2611319039420357,3.252746412046404,3.244322637881421,3.235855157650931,3.227337616137628,3.218763273388995,3.2101228625573235,3.201403123777604,3.1925877924696975,3.183658482570876,3.174594321546071,3.1653729947226363,3.1559733092498594,3.14637671132497,3.13656756158742,3.126533211983484,3.11626391653584,3.1057516002273813,3.094987184183131,3.083958589639391,3.0726516418823935,3.0610529665240294,3.0491521764847467,3.0369425196398643,3.024420974951147,3.011588343715073,2.9984493415443327,2.985012693088369,2.9712912229028565,2.9573019676670267,2.943066137907486,2.928608232813741,2.9139545396502133,2.8991323199972583,2.884170072888682,2.869098885677317,2.8539537378576316,2.8387725141979994,2.8235932636864916,2.8084523155717562,2.7933833191169297,2.7784152502076163,2.763570407244644,2.7488652435661196,2.734312989424175,2.7199250340541363,2.705710264070765,2.6916737210680863,2.6778168275035057,2.6641389604528,2.650638400060762,2.6373121866264113,2.624154906921969,2.611157697133202,2.598309175120589,2.585597487985981,2.573012298523951,2.5605449403405314,2.5481858547477403,2.535922891248567,2.523741607243786,2.5116250393912574,2.499553886435503,2.4875080249276738,2.4754675533858315,2.4634129947612804,2.451325377670237,2.439186334365838,2.4269781945453084,2.414684080687832,2.402288008387913,2.3897755344439005,2.3771359105047924,2.3643643346001526,2.3514614045522726,2.338430711959168,2.3252774979136084,2.3120085608794647,2.298632212781255,2.285157321495028,2.271592031724089,2.257944166614069,2.2442228259596146,2.2304388849803503,2.21660342577263,2.2027249621164278,2.188807543569482,2.174850383235652,2.1608485989279176,2.146795522502655,2.132685559802962,2.118514980939804,2.10428079728365,2.0899805541559497,2.0756128783175596,2.061176956026741,2.046671865517861,2.0320965743182877,2.0174500476502573,2.0027317132151485,1.9879425109526965,1.973084648702487,1.9581593643938264,1.9431657613621103,1.92810260534749,1.9129705463195452,1.8977714769475695,1.8825062348457924,1.8671742031800336,1.8517748399393603,1.836308813727872,1.8207782416703666,1.8051870245558925,1.7895421598626655,1.773855112753942,1.7581409451218883,1.742416018149748,1.7266974512106688,1.7110036274325071,1.695353279329531,1.6797642167134352,1.6642523735981265,1.648830445130474,1.6335076316658093,1.618291237708135,1.6031888084834123,1.5882099983914728,1.5733676202105205,1.5586773842219501,1.5441553027366863,1.5298134149264098,1.51565739364492,1.5016873349798352,1.4878993241398617,1.4742865705301527,1.4608410037125494,1.4475547110799418,1.4344203326367369,1.421430285957961,1.408574443175823,1.3958375202559201,1.3831980916271196,1.3706297739883044,1.3581040303859764,1.3455927160667618,1.3330687466654543,1.3205049676426657,1.3078731131823382,1.295144690190261,1.2822925172711548,1.2692913085912634,1.2561177758497408,1.2427507329679535,1.2291711992443954,1.2153625031526023,1.201310391800721,1.1870031206307854,1.1724317221136487,1.157591182731923,1.1424819165967701,1.127109530608259,1.1114834447610586,1.09561629217666,1.079523991423515,1.06322586309913,1.0467442209564322,1.0301024640380867,1.0133230016806156,0.9964278749329967,0.9794406244710214,0.9623863037738282,0.9452906986868144,0.9281801229587668,0.9110801945571598,0.8940124035328312,0.8769915405374908,0.8600268722558573,0.8431244421547734,0.8262879505831198,0.8095189047062927,0.7928167393693698,0.7761789421400077,0.7596011779140368,0.7430774136109244,0.7266000420352544,0.7101600098941098,0.6937469280223276,0.6773493157819738,0.6609557019728626,0.644556166090438,0.6281423245488308,0.6117057112233587,0.5952361628852039,0.5787219279855296,0.5621515983818998,0.545514942219371,0.5288021405118065,0.5120034239677327,0.4951092273890071,0.47811098017646014,0.46100272313155416,0.44378166917395173,0.4264470019455191,0.40899889084885405,0.39143843533523515,0.37376781254342006,0.3559903978461153,0.33811091163079776,0.32013525155467093,0.30206933936052244,0.2839181205229476,0.2656864824722967,0.24738082397753852,0.2290096681594955,0.21058379345747777,0.19211637580541308,0.17362306479514245,0.15512123031849576,0.13662764044336098,0.11815591879797673,0.09971546403341978,0.08131164531488834,0.06294708532678606,0.044623094239144956,0.02633963135589386,0.008095606116779416,-0.010109175520355531,-0.028273688160423825,-0.046397881691736795,-0.06448383658479256,-0.08253453599299183,-0.10055237311873831,-0.11853795158968022,-0.1364883739868164,-0.15439608280277084,-0.17224961366782188,-0.19003609446268976,-0.20774365088321176,-0.22536226303388368,-0.24288372891808552,-0.2603012063246679,-0.2776077771434398,-0.29479522946434733,-0.3118547727665286,-0.3287783328812731,-0.34555887836323174,-0.3621902936499756,-0.37866725598414924,-0.39498512544024206,-0.4111397277384739,-0.4271263225456387,-0.4429380342859264,-0.45856577559702694,-0.47399959284434795,-0.48922943962749366,-0.5042448633787477,-0.5190336006336832,-0.5335807019993697,-0.5478705549935339,-0.5618892029864575,-0.5756237645001315,-0.5890609857881685,-0.6021874634139921,-0.6149918301820947,-0.6274674437481563,-0.639613702000167,-0.6514361673478892,-0.6629463147089657,-0.6741602306785133,-0.6850956064915195,-0.6957680338843067,-0.706189085733641,-0.7163683680279989,-0.7263177797628635,-0.7360536635985829,-0.7455953587077041,-0.7549616909044268,-0.7641676468674735,-0.7732232887436468,-0.7821349868513157,-0.7909073731457631,-0.7995450015085427,-0.8080523941746947,-0.8164327226320727,-0.8246878344477887,-0.8328196477098585,-0.8408312106199248,-0.8487276462142761,-0.8565159753591942,-0.8642028353474145,-0.871792390781548,-0.8792857411325637,-0.8866808608886259,-0.8939725456508605,-0.9011523510905676,-0.9082086027798151,-0.9151272553518239,-0.9218943321759951,-0.9284984120055007,-0.934930565707714,-0.9411817612017269,-0.947240343583558,-0.9530910973113779,-0.958715148724112,-0.9640899316315111,-0.9691895663797168,-0.9739871796557465,-0.9784597307654059,-0.9825926611034839,-0.986381310042642,-0.9898289095384869,-0.9929429673528367,-0.9957323393649214,-0.9982066619943933,-1.0003767710051288,-1.0022542603881406,-1.0038517464129102,-1.0051845663149062,-1.0062727883615274,-1.0071424809062253,-1.0078246624321026,-1.0083515900047706,-1.008751919015764,-1.009048440993507,-1.0092601958049028,-1.0094051175444752,-1.0095006888927567,-1.0095639895930149,-1.0096125608010462,-1.009665880964138,-1.00974524819191,-1.009871284577023,-1.010061413956329,-1.010328921161487,-1.0106828792636513,-1.0111281528006373,-1.011665393049995,-1.0122910365492763,-1.0129978020196333,-1.0137761510263237,-1.0146156848677883,-1.0155061490019348,-1.0164381712410706,-1.0174020615787893,-1.018385434814288,-1.019372855938458,-1.0203471042252663,-1.0212892563846456,-1.0221785624822561,-1.0229943723519317,-1.0237183838359918,-1.0243354012053905,-1.0248333631944833,-1.0252033381900734,-1.0254395237702179,-1.02553924371053,-1.025502954542341,-1.0253341914675806,-1.0250387988536855,-1.024623443441519,-1.0240953780092379,-1.0234638439624946,-1.0227410819154488,-1.0219424827419343,-1.0210863429780155,-1.0201923929338295,-1.0192789765057213,-1.0183612060210123,-1.0174520911784335,-1.016565395992176,-1.0157170224220529,-1.014923413782418,-1.0141993477182862,-1.0135578573997208,-1.013011176948683,-1.0125709172702753,-1.0122471450830581,-1.0120467852297548,-1.0119726413972485,-1.0120232631302104,-1.0121929631239266,-1.0124718136814364,-1.0128456512146828,-1.0132960733523984,-1.0138008756925518,-1.014335961495211,-1.014878206849734,-1.015406631861338,-1.0159005793716807,-1.0163369516597909,-1.016689521093164,-1.0169301598215248,-1.017029166964703,-1.0169548228003793,-1.016674179465603,-1.016155405045268,-1.0153718409899164,-1.0143056118781248,-1.0129474837975256,-1.0112940970780335,-1.0093458929467094,-1.0071060692632032,-1.0045785769862925,-1.001765927131608,-0.9986697482825043,-0.9952933025158406,-0.9916429955029247,-0.98772862025338,-0.9835633817231595,-0.9791637730823507,-0.9745483385127196,-0.9697349834379707,-0.9647386069467767,-0.9595702966672146,-0.9542376691541781,-0.9487466710334082,-0.9431040264129898,-0.9373178014331555,-0.9313970658769524,-0.9253523663033664,-0.9191948228740099,-0.9129337404846793,-0.9065761165774594,-0.9001288487666744,-0.893600351819525,-0.8869991428322677,-0.8803314788602911,-0.8736004176872367,-0.8668057806777574,-0.8599445338389827,-0.8530121592629252,-0.8460033654506683,-0.8389098849525862,-0.8317182169451295,-0.8244102869837143,-0.8169648351015423,-0.8093578811939491,-0.8015635398031261,-0.7935557580498828,-0.785310529539966,-0.776808562948048,-0.7680368932635109,-0.7589881991574531,-0.7496586892344832,-0.7400455743932127,-0.7301464841617755,-0.7199616842767306,-0.7094957826137864,-0.6987569469830542,-0.6877555519388068,-0.6765032134571665,-0.6650113893631889,-0.6532909344785905,-0.6413533784157864,-0.6292113211952742,-0.6168771132260983,-0.6043620608715983,-0.5916774304377876,-0.578835919693752,-0.5658514112698998,-0.5527375620205285,-0.5395075287379534,-0.5261753610835723,-0.5127571373341342,-0.49927015083436843,-0.48573160713335123,-0.4721583025373537,-0.458566724239367,-0.4449731545859083,-0.4313936807881728,-0.41784339708432455,-0.40433506336356895,-0.39087900997026126,-0.377483810211983,-0.3641570587461787,-0.3509072329427596,-0.3377447741179253,-0.324681404813626,-0.3117292149988548,-0.29889887072665056,-0.28619735191341306,-0.27362767054907994,-0.26118997720549314,-0.24888346809688805,-0.23671036414069566,-0.2246798577898898,-0.21280876619976372,-0.2011192407599279,-0.18963606538769964,-0.17838459459023362,-0.16738914709120614,-0.1566722807513875,-0.14625512497913623,-0.13615877958108002,-0.12640546196567043,-0.1170172458496464,-0.10801381277149721,-0.09941275493404762,-0.09123140328217949,-0.08348625249494857,-0.07619049953072253,-0.06935276412827648,-0.06297786273907038,-0.05706830335244482,-0.0516244393966139,-0.04664436272556937,-0.04212582728776125,-0.03806855806893894,-0.03447508512604771,-0.03135042394039938,-0.028700283093523238,-0.0265282152472429,-0.02483431341067494,-0.023616879362415827,-0.022874569244629266,-0.022605708079748335,-0.022805792972201807,-0.023466091185736313,-0.024573434166135274,-0.026110376914500757,-0.028056432620780728,-0.030390788383683986,-0.03309445629442593,-0.03614956850451392,-0.0395365728899432,-0.04323244879834125,-0.0472119207501349,-0.05145030498642296,-0.05592535648826167,-0.0606176551420915,-0.0655105817644735,-0.07059022181481675,-0.07584450720847032,-0.08126170550154069,-0.08683025574732278,-0.0925401620583513,-0.09838391322330746,-0.10435655576474234,-0.11045563855471753,-0.11668117005076671,-0.12303557786165784,-0.1295232510032228,-0.1361486302205897,-0.14291381552202298,-0.14981873483277852,-0.15686355640769292,-0.16405024102258567,-0.17138193415917788,-0.1788605729188961,-0.18648514130991128,-0.19425291919047552,-0.20216188804818314,-0.21021153937081438,-0.21840174458002476,-0.22673141264681979,-0.23519862833250652,-0.24380075357013045,-0.2525339075190584,-0.2613937778839489,-0.27037642881783047,-0.27947721339427206,-0.28869003806345545,-0.2980084589414422,-0.30742596791082655,-0.3169338556486136,-0.32651933954408346,-0.3361658811487343,-0.3458539542832532,-0.3555611035887762,-0.36526212377177114,-0.374930204808567,-0.3845387505996067,-0.3940636854952089,-0.403486289250642,-0.41279510787656826,-0.4219858214769298,-0.43105968258160776,-0.4400220849560943,-0.44888144051895085,-0.4576474671843206,-0.46632908593306893,-0.4749327979235961,-0.4834637571291516,-0.49192982100352184,-0.5003446616612803,-0.5087272865574167,-0.5170989286025826,-0.5254790790000774,-0.5338822860231516,-0.5423178524582775,-0.5507926280419443,-0.5593142561601813,-0.5678922444732221,-0.5765367199697887,-0.5852571091323525,-0.5940617953130485,-0.6029580684577609,-0.611952052938401,-0.6210486410537278,-0.6302514246652962,-0.6395626264574683,-0.6489830320668265,-0.6585119176986023,-0.6681469879129129,-0.6778838904603491,-0.6877147501784512,-0.6976271858724974,-0.7076053003030647,-0.7176316018837017,-0.7276887732124295,-0.7377600527625394,-0.7478278492505105,-0.7578725587333355,-0.7678721592454821,-0.7778011107050707,-0.7876290827497892,-0.7973228103269479,-0.806851789725525,-0.8161940678058057,-0.8253387634290618,-0.834284866599728,-0.8430378167842368,-0.8516055444005307,-0.8599956950956534,-0.868215372578759,-0.8762720751387656,-0.8841747216889595,-0.8919351694735046,-0.8995691377196429,-0.9070951974784923,-0.914532055700829,-0.921895977763692,-0.9292000440580037,-0.9364552434284823,-0.9436719708695239,-0.9508606264633752,-0.9580311479923864,-0.9651920316609287,-0.9723508871955603,-0.9795168203964433,-0.9867020774712165,-0.9939222476488454,-1.0011953077229454,-1.0085391122599323,-1.0159686551549927,-1.0234948162362008,-1.0311241714117818,-1.0388589479436217,-1.0466969634343646,-1.05463157230276,-1.06265160327675,-1.0707417044176266,-1.0788841319202993,-1.0870610514338217,-1.0952542935038438,-1.1034428858518708,-1.1116020246803995,-1.119704267305737,-1.1277207713097104,-1.135622346221583,-1.1433811115026802,-1.1509726454669917,-1.158378557636485,-1.16558751096467,-1.1725933032837477,-1.179392568981142,-1.1859839871746245,-1.192368204496446,-1.1985477898933574,-1.2045271860209954,-1.2103126620431914,-1.2159122680200265,-1.2213357876958286,-1.2265947035936697,-1.2317020712958542,-1.2366714424826986,-1.24151439522078,-1.2462391141479572,-1.2508519841037764,-1.2553599048271415,-1.2597711420743458,-1.2640953441671983,-1.2683434984026887,-1.2725278972935563,-1.2766616172774845,-1.2807570476023937,-1.2848250596914577,-1.288875399095823,-1.292915720753091,-1.2969498532814911,-1.3009779169590943,-1.3049973158117998,-1.30900390172002,-1.312993340662322,-1.3169608716310224,-1.3209000580954684,-1.3248031911037894,-1.3286627598204932,-1.3324716943466037,-1.3362215440858123,-1.3399000687166998,-1.3434907952789077,-1.3469739706034063,-1.3503275878555532,-1.353528965867311,-1.3565568335252325,-1.3593939185985868,-1.3620285196708406,-1.3644530875330632,-1.366661785195826,-1.3686494530822342,-1.3704115146095601,-1.3719439744472894,-1.3732433986537906,-1.374307307692248,-1.375136015675312,-1.3757349745139515,-1.3761145794799883,-1.3762876733023024,-1.3762671757341671,-1.3760642879775473,-1.375688133648372,-1.3751471281154362,-1.3744499139926176,-1.373604505220936,-1.3726168639678529,-1.3714914150335444,-1.37023374690869,-1.3688526063434265,-1.367359328132959,-1.3657663656745718,-1.364086736626467,-1.3623340206056767,-1.360522366869696,-1.3586665118550973,-1.3567817319531938,-1.3548830656153972,-1.3529838536722978,-1.351095420819974,-1.349227515446581,-1.347387900998806,-1.345582665709581,-1.3438177137086322,-1.3420993015281295,-1.340432511818694,-1.3388184032015533,-1.3372523583353615,-1.3357249500347879,-1.334223379163378,-1.3327325801766416,-1.3312381366285513,-1.3297313395675647,-1.3282126298580774,-1.3266907048488426,-1.325179112626414,-1.3236934279921766,-1.3222501805405449,-1.3208665214259085,-1.3195590656997769,-1.3183426175553572,-1.3172310942503769,-1.316240344202449,-1.3153897836819524,-1.3147010024658947,-1.3141943355346728,-1.313885583303135,-1.3137843241933498,-1.3138937175600145,-1.3142122426626928,-1.3147375228567542,-1.3154681912521187,-1.3164022127581834,-1.3175361557259362,-1.318866532261095,-1.3203906422042857,-1.3221066315756163,-1.3240134728884412,-1.3261109548187737,-1.3283996678889842,-1.330880991514227,-1.3335570567021637,-1.3364300571061598,-1.3394999854022187,-1.3427618727260484,-1.3462052324910885,-1.3498162974685883,-1.3535806839520281,-1.35748437397856,-1.3615125126238024,-1.3656468847595644,-1.369864725812931,-1.3741391140245518,-1.3784386355181872,-1.382728099396211,-1.386972712049649,-1.391142838842496,-1.3952156317856463,-1.3991732667368313,-1.4030007976158163,-1.406686174411283,-1.4102211488774474,-1.4136013629009718,-1.4168253354545302,-1.4198928444538121,-1.4228039714600083,-1.4255592236992742,-1.428160752558884,-1.4306135405952838,-1.432924727004466,-1.4351016888554329,-1.4371500605380132,-1.439072269402222,-1.4408665123327455,-1.442525924888664,-1.4440396389397574,-1.445396134898498,-1.4465871092051692,-1.4476102262061485,-1.4484691790024202,-1.4491709821289651,-1.4497223314928087,-1.450127347669723,-1.4503879607628383,-1.4505054027907114,-1.4504808569052987,-1.4503154833335343,-1.4500104159968172,-1.4495667640558412,-1.4489856146012303,-1.4482680340414014,-1.447415081176365,-1.4464277385259643,-1.4453059209319898,-1.4440460715309675,-1.4426397286837667,-1.441075108336389,-1.4393394985491565,-1.437420170926155,-1.435305076821894,-1.432985818012325,-1.4304616281113263,-1.4277401419620628,-1.424834554224217,-1.4217603084461505,-1.418533370149236,-1.4151698955572976,-1.4116862529152194,-1.4080991188125755,-1.4044265220584877,-1.4006902872831504,-1.396917459587975,-1.3931387102938197,-1.3893860095280206,-1.3856914761237364,-1.3820857507568975,-1.378595545460763,-1.3752433312403876,-1.372049180879071,-1.3690312680744119,-1.3662055422222115,-1.3635868730391203,-1.361190352809563,-1.359031620841441,-1.357126772885274,-1.3554913486924582,-1.3541377561168597,-1.3530728704041315,-1.3522983138379805,-1.351813115040717,-1.3516160828631985,-1.3517065891865254,-1.3520846136970868,-1.3527503014090767,-1.3537025497347708,-1.3549381370425786,-1.3564527853250632,-1.3582424793923453,-1.3603037453619649,-1.362632665931665,-1.3652215392351115,-1.3680548371752521,-1.3711090797378862,-1.3743569788116043,-1.3777719657850338,-1.3813305167778684,-1.3850117258153205,-1.3887957942103046,-1.3926633572690252,-1.3965958899194446,-1.4005776150938196,-1.4045977689059495,-1.4086502140573485,-1.4127309431334547,-1.416836406102144,-1.420962381112602,-1.4251025928788725,-1.4292495041336282,-1.433397150144721,-1.4375419492387755,-1.441681307670677,-1.4458127610022942,-1.449933564679708,-1.4540393603264636,-1.4581234597027177,-1.4621790436133053,-1.4662014592148913,-1.4701870363875813,-1.4741302372189415,-1.4780226879623986,-1.481854418803376,-1.485615024115468,-1.4892938686594526,-1.4928800406699385,-1.4963623508483828,-1.4997290985107776,-1.5029668952793651,-1.5060593468980783,-1.5089878719446392,-1.5117348664543715,-1.5142863193147549,-1.516630541387965,-1.5187548846905554,-1.5206449626177632,-1.5222855858389863,-1.523661104352258,-1.5247553741314042,-1.525551845919417,-1.5260345967444902,-1.5261909027896163,-1.5260138174544873,-1.5255032071733174,-1.5246658596388971,-1.52351517700526,-1.522069907180816,-1.520352627779388,-1.5183887173334556,-1.5162049208984467,-1.5138279470149236,-1.5112840476079856,-1.5085990425997964,-1.5057982730845523,-1.502905736404848,-1.4999416374918713,-1.4969198467808,-1.4938478522017589,-1.4907294916685705,-1.4875686053719406,-1.4843712971288643,-1.48114555642011,-1.4778997836676924,-1.4746421687291007,-1.471380230995049,-1.4681189138499458,-1.4648583214185547,-1.4615941094054827,-1.4583199909415785,-1.4550293350903605,-1.451715468974889,-1.4483715793362881,-1.4449897859699907,-1.4415597375085738,-1.4380687663336358,-1.434503395884705,-1.4308501930599928,-1.4270958798024347,-1.4232269904513815,-1.4192285522561372,-1.4150831105006942,-1.4107717025647626,-1.4062752750738787,-1.4015751559456664,-1.3966538419727785,-1.3914973839642035,-1.3860980987477067,-1.380454937818041,-1.374571148051237,-1.3684517086192527,-1.3621023182303642,-1.3555293427227546,-1.348739875581194,-1.341741771928524,-1.3345440745993271,-1.3271584289055578,-1.3196001169886937,-1.3118871493581756,-1.3040389131664176,-1.2960751720732047,-1.2880146416265732,-1.279874603030897,-1.2716722993319296,-1.2634259943856503,-1.2551540681293858,-1.2468725876670295,-1.2385941864291288,-1.230329920783034,-1.2220916111283553,-1.2138926839406052,-1.2057482674684603,-1.1976748018934678,-1.189688177363753,-1.1818009148893094,-1.1740204270415575,-1.1663487550197598,-1.1587833686318625,-1.151318797786325,-1.1439478359721038,-1.1366617947648798,-1.1294507065229864,-1.122304450858,-1.1152141958984114,-1.1081718194255301,-1.1011675517584294,-1.0941890740918891,-1.0872220119266898,-1.0802491603508393,-1.0732496343803122,-1.0662005266760817,-1.0590804630895787,-1.0518728036965113,-1.0445665134745135,-1.0371548141695859,-1.029633208060654,-1.0219978772334875,-1.0142457626635217,-1.006376081239771,-0.9983912576754483,-0.9902973497664821,-0.9821053510155878,-0.9738324253094247,-0.9655008161036146,-0.9571345823949646,-0.9487562676728627,-0.9403851186592246,-0.9320367372981558,-0.9237232048082649,-0.9154539084559842,-0.907237168616107,-0.8990815450216864,-0.890996914540723,-0.8829949154433923,-0.8750872276192434,-0.8672835401775031,-0.8595919337964437,-0.8520201066171996,-0.8445747872538449,-0.8372603225548809,-0.8300781807367458,-0.8230269974536701,-0.8161026299424708,-0.809298214093332,-0.8026042063778769,-0.7960085216090774,-0.7894974344260646,-0.7830572275079855,-0.7766752934919483,-0.7703401522904573,-0.7640403856430168,-0.7577631029144674,-0.7514932223340626,-0.7452134439984426,-0.7389050906679757,-0.7325513585216122,-0.7261412033713661,-0.7196702883516825,-0.7131400670594731,-0.7065567287838832,-0.6999289675644069,-0.6932652387535628,-0.6865725179368999,-0.6798572224342698,-0.6731278655433555,-0.6663976695556328,-0.6596854006639764,-0.653014062566952,-0.6464078202539767,-0.6398885076685238,-0.6334738872090427,-0.6271784911696167,-0.6210150830971655,-0.6149945918268448,-0.6091246718180977,-0.6034091960288469,-0.5978503058924246,-0.59245115284385,-0.5872163002886942,-0.5821493843922362,-0.5772507125373161,-0.572517298971703,-0.5679443975681124,-0.5635263521629055,-0.5592567126539377,-0.5551278924711782,-0.5511298479650559,-0.5472491114300744,-0.543469770995673,-0.5397748881265524,-0.5361469198046046,-0.532567799383637,-0.5290197554560055,-0.5254868275856666,-0.5219551081563656,-0.5184113635599242,-0.5148420690987884,-0.5112332957627559,-0.5075709948365131,-0.5038425231879939,-0.500039501765267,-0.49615966288988106,-0.4922057158641608,-0.48818251396574935,-0.4840951744813113,-0.4799486719382784,-0.4757478747808978,-0.47149756135732285,-0.4672025357170888,-0.46286850929699275,-0.4585037236742716,-0.4541200403599402,-0.4497327631789024,-0.4453582047063387,-0.4410096299742664,-0.43669569594067514,-0.4324224742403155,-0.42819562978798226,-0.4240206253097885,-0.4199013582426668,-0.4158398956090696,-0.4118390892865696,-0.40790523816934104,-0.4040486972323294,-0.4002830838742335,-0.3966236226380288,-0.3930850218468498,-0.389678725135282,-0.386410388481888,-0.38327911463282055,-0.38027884669108214,-0.37740121699185275,-0.3746374484047467,-0.371977703779553,-0.369410108913045,-0.3669217003800466,-0.3644998214447457,-0.36213187682977505,-0.3598031587552976,-0.3574948995795378,-0.35518524344560254,-0.35285175355848536,-0.35047284127135414,-0.34802912067824515,-0.34550611296317774,-0.3428964876862324,-0.3401997812985473,-0.3374209253854231,-0.3345692141940207,-0.33165651311203986,-0.32869393908957584,-0.3256890416157626,-0.3226460939039005,-0.31956923082710387,-0.3164655922823916,-0.3133460953058609,-0.310224034813689,-0.30711296221487216,-0.3040239351331482,-0.30096314100887167,-0.29793216931172345,-0.29493069920528475,-0.2919586026426275,-0.2890154781617312,-0.2860995672338283,-0.2832085413685855,-0.2803404777883417,-0.27749292824550914,-0.27466218144201276,-0.2718443847358964,-0.2690361172329723,-0.26623313031217294,-0.263429200391428,-0.2606159608259724,-0.2577827623807614,-0.2549158438472418,-0.2519978707626628,-0.24900869816830618,-0.24592639546455247,-0.24272862791546185,-0.23939419437243117,-0.2359036433749498,-0.23223881903893698,-0.22838142228862046,-0.22431168173734334,-0.22000806021836933,-0.21544811218625498,-0.21061091741467855,-0.20547973392951896,-0.2000423884664403,-0.1942898723007273,-0.18821542631930402,-0.18181446962338504,-0.1750846613525756,-0.16802594666198367,-0.16064060769459174,-0.15293331688171416,-0.14491119609074915,-0.1365843880157042,-0.12796759612210445,-0.11908146293169068,-0.10995218276673285,-0.10060845774619365,-0.0910773014064368,-0.08138263205615484,-0.07154752337185148,-0.06159672773695706,-0.05155670595897516,-0.04145446147955275,-0.0313177203898142,-0.021174909831527144,-0.011053068557508728,-0.0009758310657595441,0.009037080287738272,0.018969242506078073,0.028805404210107157,0.03852926473617945,0.04812398244342703,0.05757381966309822,0.06686403035093051,0.07598079384578088,0.08491256495970423,0.09365082475891572,0.10218903356309433,0.1105212202015782,0.11864234956385002,0.12654974899572835,0.1342437164487813,0.1417274904623,0.14900718898903176,0.15609173616770108,0.16299216722051443,0.1697193799918433,0.1762812511267633,0.18268116618812993,0.18891860631923504,0.19499056495563363,0.20089168476451902,0.2066140011660918,0.21214870362965307,0.21748816717039338,0.22262522903118007,0.2275507066445549,0.23225293101366942,0.2367195234934579,0.24093790445386268,0.24489489665547928,0.24857778451100832,0.25197559940372577,0.2550794148483328,0.2578823095199798,0.2603793453536969,0.26256756284892196,0.2644457957561751,0.26601357395124214,0.26726975313449164,0.26821287046477893,0.2688426244332321,0.26916056630038315,0.26917013024762754,0.26887662391385947,0.26828722721724924,0.2674109865088524,0.26625884914459713,0.26484439508088653,0.26318518123548446,0.26130143394139416,0.25921162748869825,0.25693024696244865,0.2544690847228857,0.2518393094600671,0.2490531716903722,0.24612480603231496,0.24307031557607275,0.23990778259669054,0.23665686347456402,0.2333369169520207,0.22996415972436537,0.2265504625066145,0.22310446122953576,0.219632150027074,0.21613562167728212,0.21261200540630074,0.20905430217912202,0.20545401507196703,0.201803581368734,0.19809612518401742,0.19432283995270072,0.19047062797925549,0.18652202170428925,0.18245821880101476,0.17826304397165835,0.17392359023653775,0.16942734110749982,0.1647595510938968,0.15990379312499603,0.1548444867821206,0.1495684446928048,0.14406514395224762,0.1383267546219929,0.13234818514302135,0.12612712436865284,0.11966408569573027,0.11296245190081144,0.10602852099044101,0.09887155300761112,0.09150381762351356,0.08394064266213104,0.0762004653288574,0.06830486447613383,0.06027794554890328,0.05214421289739416,0.04392663255914999,0.03564760190726518,0.02733151582070136,0.019005969586236564,0.010700939946681913,0.002447441574687511,-0.0057223923294948695,-0.013775237456405229,-0.02167857179326682,-0.029402800848452912,-0.03692187830133175,-0.04421326895591588,-0.05125738862600035,-0.058036684789998044,-0.06453636408048548,-0.0707461231591336,-0.0766600934937065,-0.08227587543208148,-0.08759425186660923,-0.09261916642870661,-0.09735769097389278,-0.10181979690979591,-0.10601691327786783,-0.10995938982726353,-0.11365576113236307,-0.11711484619991176,-0.12034737709629753,-0.12336514235062036,-0.12618007952911747,-0.12880530043325142,-0.13125640729210078,-0.1335517515546877,-0.13571160536377946,-0.13775666086235522,-0.13970781945152166,-0.14158758175414438,-0.14342103491291058,-0.14523574013298318,-0.14706052334872827,-0.1489241872129654,-0.15085604253651427,-0.1528873714841363,-0.1550515660734745,-0.15738270068056132,-0.1599140731300782,-0.16267714265653063,-0.16569998130376692,-0.16900597316374943,-0.17261358473215366,-0.17653721656545102,-0.18078875258223004,-0.1853787095629522,-0.19031742237075497,-0.19561635917366596,-0.20128772585351987,-0.2073432412934729,-0.21379467746299868,-0.22065488749937479,-0.22793695166999614,-0.2356526779632991,-0.24381153906362654,-0.2524197261031735,-0.2614803640640721,-0.27099521493786716,-0.28096712617737035,-0.2914007886149557,-0.3022997931849048,-0.31366310255634783,-0.32548371890065037,-0.3377487483353951,-0.3504407887197096,-0.36354066205201974,-0.3770291837728225,-0.3908863776998902,-0.40509039456337825,-0.41961835403035685,-0.434447631510462,-0.4495561578825844,-0.4649223088796917,-0.48052480043745865,-0.4963425955063807,-0.5123546758020766,-0.5285389563819898,-0.544870753544991,-0.56132282953049,-0.5778667768135732,-0.5944734259841782,-0.6111115251689803,-0.6277464667005114,-0.6443409348759712,-0.6608562372079357,-0.6772526874100285,-0.6934894983726545,-0.7095246651763866,-0.7253149222147968,-0.7408164125730432,-0.7559862480532072,-0.7707846706127077,-0.7851787050006318,-0.7991460458557373,-0.8126755785930901,-0.8257647261328642,-0.8384169754405443,-0.8506410171936011,-0.862450228267966,-0.8738607648473248,-0.8848890976619055,-0.8955520586534959,-0.9058691681736594,-0.9158635206669777,-0.9255597263269139,-0.9349810472720113,-0.944147923328206,-0.9530778192043581,-0.9617863363881074,-0.97028961954384,-0.9786054084354827,-0.986751401283387,-0.9947441740983004,-1.0025995333252888,-1.0103321182933194,-1.0179557343737797,-1.0254856514449604,-1.0329403801399277,-1.040341362632598,-1.0477106264244846,-1.0550671604039108,-1.0624238968558155,-1.0697872851911152,-1.0771597546043978,-1.084543110779074,-1.091940083080321,-1.099353670176191,-1.106786062468472,-1.1142375791527974,-1.1217064007346753,-1.1291889817353242,-1.1366791268706484,-1.1441659947155602,-1.1516321293779008,-1.1590527893195948,-1.1663986201323315,-1.1736415188645155,-1.1807603715119153,-1.1877435523633766,-1.1945881390293516,-1.201297027991314,-1.2078752691265304,-1.2143277121036498,-1.2206592996803611,-1.226876517026194,-1.2329880175453358,-1.2390046067058578,-1.2449391824040972,-1.2508061473814331,-1.2566198738406462,-1.2623932901998016,-1.2681367655128442,-1.273856575745994,-1.279554658194882,-1.2852308608812708,-1.2908855536467612,-1.2965207046320608,-1.3021399508978675,-1.30774854536253,-1.3133533148436378,-1.3189626238020555,-1.3245859437313865,-1.3302319873354744,-1.3359062947380018,-1.3416113337563897,-1.347348873701449,-1.3531208975478646,-1.3589276394200882,-1.3647656307551492,-1.3706288587357693,-1.3765120208769577,-1.3824121103746259,-1.388327012055939,-1.394253971249341,-1.4001890227025133,-1.4061260938712812,-1.4120559755370343,-1.4179648858598113,-1.4238334197892084,-1.4296379442411327,-1.4353534331637985,-1.440955180795819,-1.4464191739730994,-1.451722815225548,-1.4568463793560158,-1.4617732201915006,-1.4664883377843896,-1.4709773364633245,-1.4752262405833012,-1.4792217223503532,-1.4829522789735745,-1.48640944237613,-1.489587129364354,-1.4924801489991204,-1.4950836162410022,-1.4973929371509593,-1.4994043841297846,-1.5011165550374725,-1.5025309461769596,-1.5036505884771652,-1.5044781031948162,-1.5050149138625986,-1.5052626259310098,-1.5052244147900316,-1.5049044949183294,-1.5043073512855563,-1.5034376596425294,-1.502299970507087,-1.5008973876958296,-1.4992305126058953,-1.4972983281323327,-1.4950996216033778,-1.4926334344822019,-1.4898990741308367,-1.4868961358917931,-1.4836245233105525,-1.480084471645384,-1.4762765724685358,-1.4722018018690537,-1.4678615443960725,-1.463257641075446,-1.4583921601518697,-1.453266198949602,-1.4478787112283487,-1.4422276265467608,-1.4363127327275405,-1.4301377048469186,-1.4237106008470182,-1.417043320941928,-1.410150813537711,-1.4030513039331314,-1.3957655423784003,-1.3883131608409438,-1.3807100223904536,-1.3729695124462113,-1.3651050283552644,-1.3571310479425684,-1.3490632566010672,-1.340918614507689,-1.332714705675395,-1.324466689958452,-1.3161839323874265,-1.3078709758726066,-1.2995308242342871,-1.2911656921247572,-1.2827768102225854,-1.2743657274854567,-1.2659355854416703,-1.2574912918546965,-1.2490386131528122,-1.240582653832487,-1.2321267797174766,-1.2236714185923492,-1.2152128298128648,-1.20674400558485,-1.1982575272297578,-1.1897477578900215,-1.1812114787494503,-1.1726474319272597,-1.1640549024756803,-1.1554324070045983,-1.1467767036512422,-1.1380812889984602,-1.1293353935711679,-1.120524750561329,-1.1116330964243866,-1.1026425543956662,-1.0935344393470503,-1.0842913858594525,-1.0748977061701288,-1.0653380402558388,-1.0555971336487282,-1.0456612568834305,-1.035519745300986,-1.0251655608467904,-1.0145953696084224,-1.0038096236886296,-0.992812630863252,-0.9816127035000222,-0.9702232098429454,-0.9586650621744157,-0.9469681540905515,-0.9351684766894244,-0.9233019876134684,-0.9113999882058063,-0.899489050010057,-0.8875938320254931,-0.8757389440556694,-0.863948257154303,-0.8522440516645314,-0.8406480962714624,-0.8291830942945089,-0.8178730798613507,-0.8067427439000525,-0.7958159328033675,-0.7851146041014849,-0.7746585679296927,-0.7644644156331966,-0.7545429118176186,-0.7448968137212171,-0.7355214903150207,-0.7264077380796742,-0.7175440922206364,-0.7089175640574037,-0.7005137301506865,-0.6923168017783898,-0.6843096682100623,-0.6764733206535286,-0.6687854311116218,-0.6612199440379225,-0.6537484400619028,-0.6463414408386364,-0.6389697644337948,-0.6316072039878114,-0.624232929451836,-0.6168311424490985,-0.6093884261667674,-0.6018918154643557,-0.5943298219301251,-0.5866949066336578,-0.578983680853535,-0.571194590301432,-0.5633261729886334,-0.5553774319551621,-0.5473501094483114,-0.5392506906556409,-0.5310893609865465,-0.5228766534812108,-0.5146208109473485,-0.5063277788527465,-0.4980025282547658,-0.4896488055633465,-0.48126800265523395,-0.47285974583356616,-0.46442382578797653,-0.45596223668502894,-0.4474802259604194,-0.43898535552961127,-0.43048558394855657,-0.42198746533503684,-0.4134956969925096,-0.40501438848381277,-0.3965473222833736,-0.38809570829312795,-0.37965560161260997,-0.37121686355528855,-0.3627631045686237,-0.35427201613927073,-0.34571697023477876,-0.3370699267927922,-0.3283032709018689,-0.3193886595553189,-0.3102942263404305,-0.30098280266491917,-0.291412240353259,-0.281537710205064,-0.271314650500794,-0.2607012259231394,-0.24966110765227673,-0.238166215723981,-0.2261980076949237,-0.21374751011288595,-0.2008140340809092,-0.18740250562558014,-0.17352124635596053,-0.1591813285304347,-0.14439664511165717,-0.1291840179568644,-0.1135632878981839,-0.09755684385129346,-0.08118822493640127,-0.06448089020693049,-0.04745724686495459,-0.030137297662151345,-0.012538535832242341,0.005322543463396111,0.023429132499667535,0.04176275855210439,0.06030180613905571,0.07902208803095997,0.09789913291258709,0.11690894950867078,0.13602745990812626,0.15523124041299557,0.17449879859168896,0.1938108785449875,0.2131503187310568,0.23250191521643526,0.2518522852591056,0.2711897117233419,0.29050413237153805,0.30978796932307295,0.32903758742385414,0.3482540778977375,0.3674429658653967,0.38661282435673805,0.4057739206841117,0.42493874466257997,0.44412288668868716,0.46334401182764723,0.4826202905050708,0.501969182958586,0.5214050911066921,0.5409364471601331,0.5605649562826085,0.580287665193388,0.6000995138259115,0.6199943870030706,0.6399651083521856,0.6600032648255522,0.6800993291542891,0.7002437559846498,0.7204280258695489,0.740643801232229,0.7608813252669561,0.7811292556728205,0.8013759852200757,0.8216108537007225,0.8418243164368174,0.8620070285806535,0.8821481959444138,0.9022353075421748,0.9222561843115425,0.9422004407099295,0.9620590172833625,0.9818244049467533,1.0014916998137202,1.0210579650032205,1.0405209638248596,1.059879734960457,1.0791359003992784,1.0982940313552143,1.1173615068552445,1.1363483704428783,1.155267185178506,1.1741328893812442,1.1929626518936844,1.211775727098367,1.2305933099810167,1.2494383891840024,1.2683356053699586,1.2873110882613672,1.3063925947463848,1.3256106314555844,1.3449994543184247,1.3645961613659756,1.3844381249215678,1.4045589125886881,1.4249844747962626,1.4457324431258425,1.4668137036212756,1.4882348982544615,1.510000993055642,1.532116438365917,1.5545851893496165,1.5774103539962074,1.6005927165944365,1.6241277924220443,1.648003894903377,1.6722040764474642,1.6967102943638657,1.7215059189921305,1.746576126055193,1.7719077193512087,1.7974889562209477,1.823309312547431,1.8493585655172273,1.8756250181455998,1.9020942603371211,1.9287498428800405,1.9555755366607082,1.982556618210963,2.0096793382314098,2.0369309054502818,2.0642992136977454,2.091770877523587,2.1193302624350836,2.146959706719935,2.1746389176400767,2.202345420982913,2.230056809743739,2.257752215653908,2.2854124135792753,2.3130196142125032,2.3405572545974827,2.3680099253944475,2.3953643466667893,2.422611852415426,2.44975042742207,2.4767839524801536,2.503718933728871,2.5305607635555853,2.557311770547238,2.5839718407234966,2.61053964186502,2.637012877765228,2.663388088022564,2.6896604552299657,2.7158236099449486,2.741869438030838,2.767787889210669,2.7935667860258526,2.8191916387175944,2.8446454455899395,2.8699087401069123,2.894960913592724,2.91978252948251,2.9443556403565125,2.9686618121808768,2.992681848278587,3.0163979934801466,3.039795548750279,3.062862370412935,3.08558647352486,3.107953947300595,3.129949812454032,3.151560348942803,3.1727741696146072,3.19358219836501,3.2139775035556775,3.2339551487559395,3.2535120423576105,3.2726467905920567,3.291359552993646,3.30965190064534,3.327526677105923,3.3449878619711892,3.362040436784886,3.3786902566875217,3.3949439110242157,3.410808682412116,3.42629330893063,3.4414093044494525,3.456171046424022,3.4705950790120803,3.4846993396980706,3.4985010213815335,3.512014212975079,3.5252493835953063,3.5382145921369843,3.55091687150781,3.563362649637406,3.575557640407035,3.5875060782991737,3.599208440755224,3.610659384276308,3.6218485853899467,3.632763258699828,3.6433904412015776,3.653719694790289,3.6637453469198293,3.6734662693115654,3.6828843163653864,3.6920031757255924,3.700826944046426,3.7093585591078555,3.7175991707171185,3.725548081495904,3.733203272128899,3.740562853604205,3.7476263525682945,3.7543957305742954,3.7608769110795053,3.7670807349351088,3.7730219713221356,3.778716804340542,3.784181361688294,3.7894322777765623,3.794487657234017,3.799368377008401,3.8040991843489866,3.8087074604265125,3.8132203279457797,3.817663241238601,3.8220609966448067,3.826439072333992,3.830824592889037,3.835246989498821,3.839736588781734,3.8443210416668254,3.8490216103724633,3.853851659241335,3.858818298402222,3.863924679954283,3.869170825376175,3.87455363494197,3.8800668437753285,3.885700984905908,3.891443350912679,3.89727795619231,3.903185500224545,3.9091433251348198,3.9151254237963857,3.9211033811861133,3.9270496793256813,3.932941793393532,3.938763382166447,3.9445027254979266,3.9501506468391514,3.9556988207985087,3.96113866026179,3.9664602873217687,3.9716523352361786,3.9767028175605548,3.981599593915997,3.986330348550878,3.990882513534921,3.995242589985164,3.999395383155374,4.003325195076023,4.007018276194579,4.0104640802568605,4.013655386748959,4.016588265620401,4.019262057935497,4.021679353804027,4.023845972176197,4.025770941384536,4.0274664807330325,4.028947983416961,4.030233997797053,4.031346221620057,4.0323094112373985,4.0331498789856655,4.033891648468723,4.0345533603081805,4.0351482988516825,4.035685268638719,4.036168762788439,4.036598924322333,4.036971785663987,4.037280770363979,4.037519211299275,4.037680782497305,15,Male,45,124,178,89
4.037755350954072,4.037738996477417,4.037603357117167,4.037329440977189,4.036900342107633,4.036304776639194,4.03553660123897,4.034590475059686,4.0334591745074775,4.032135413380397,4.030614491981241,4.028895197530036,4.026979318751468,4.024869401823345,4.022566196471743,4.020068533911043,4.01737450739703,4.0144828248519735,4.011394663430528,4.008114519315701,4.004648656639546,4.001002279430791,3.9971791142014834,3.9931840727245618,3.9890254276144295,3.9847152369793903,3.980268463668132,3.9757013379847925,3.971031106080783,3.9662762629556463,3.961454450747447,3.956580267523493,3.9516659498255184,3.9467219993129627,3.9417544916153893,3.9367627556029974,3.931740378182244,3.9266766398691155,3.9215568094747177,3.9163623718067053,3.9110726442010595,3.9056676795985057,3.9001290352746527,3.894437315738732,3.8885705556889705,3.882505427612491,3.8762189511908316,3.8696906377659133,3.8629050268703558,3.855851189136715,3.8485202020645177,3.840904373501468,3.832998671456059,3.824802078323549,3.8163161543144746,3.8075418169575737,3.7984773887303946,3.789118369808795,3.7794585137473957,3.7694915646598934,3.759211294066602,3.7486098972036643,3.737677492421126,3.726404063028315,3.7147828579261493,3.7028127282364376,3.6904979761225527,3.6778459214500776,3.664864865053407,3.6515653322715775,3.6379618455159677,3.624072469660689,3.609917739299971,3.5955192141932852,3.580898346573266,3.5660775404256246,3.5510804801397726,3.5359284205131187,3.5206357320587225,3.505209203473062,3.4896508901079173,3.473961208163123,3.458140216116459,3.4421878361756315,3.4261039777028657,3.4098886649690896,3.393541509033913,3.3770594166296197,3.3604344710231255,3.3436561997005287,3.326717302281658,3.309616807975929,3.2923584762746048,3.2749482738064253,3.2573935901212296,3.2397033410479366,3.22188810243121,3.203959516735214,3.185927938773484,3.1678003910281447,3.149581799874609,3.1312768297001066,3.1128897569672107,3.0944247692619262,3.075886369825127,3.0572790289088547,3.0386082958281824,3.019881908733861,3.001108693867001,2.9822972464998707,2.963455904382303,2.9445938238658402,2.9257217723265883,2.906851771779243,2.887997828445611,2.869177767433396,2.850414105868037,2.8317335987835603,2.8131649231725446,2.794734671210358,2.776463117877804,2.7583621567476553,2.740437025540613,2.7226892108869145,2.7051177112411304,2.6877192599824715,2.67048846628528,2.653417965943858,2.6364985411301203,2.619718425917017,2.6030608671718176,2.586502221832104,2.570013711881955,2.553565804434319,2.537132388522066,2.5206919402351358,2.504225707123496,2.4877175951483017,2.4711563212760614,2.4545344241654687,2.43784387492287,2.4210740519691734,2.4042131992849587,2.387249561390573,2.3701704087422524,2.3529606909660745,2.3356038059603357,2.318083429108996,2.30038430271167,2.2824924365529835,2.2643960605439855,2.2460874748004405,2.2275635164551324,2.2088241164940863,2.18987133281535,2.170709371478667,2.1513447581768443,2.131786494223333,2.112046217175355,2.0921383654983354,2.0720802933779856,2.0518914949591496,2.031590990631366,2.0111944052400155,1.9907127594350449,1.9701527744535985,1.9495184461902666,1.9288125648327843,1.908036044841411,1.8871870707600173,1.8662624172561049,1.8452583137680527,1.824169178442042,1.802986466742156,1.781698822228875,1.7602935171887217,1.7387584348041771,1.7170835192980687,1.6952620779564813,1.673290482707019,1.6511662785214907,1.6288880529707286,1.6064558096841517,1.5838696632569051,1.5611287709972312,1.5382313290266423,1.5151747800900945,1.4919560018133435,1.4685715026472945,1.4450176258583207,1.4212913722597122,1.3973922739810558,1.3733232448880643,1.349089318043384,1.3246965507991026,1.3001520094693573,1.2754639887050834,1.2506422106494302,1.2256980298912261,1.200644638308999,1.1754972710645002,1.1502734105009018,1.1249929971376516,1.0996785636732418,1.0743541677807193,1.0490415283318297,1.0237556893372928,0.9985043838980445,0.9732902264341219,0.948113242071702,0.9229722755533881,0.8978641324002826,0.8727830446757529,0.8477230292308648,0.8226802180620341,0.7976516882612541,0.7726330680856062,0.7476190954724995,0.7226065744879673,0.6975957281230345,0.672589449998134,0.6475923144505071,0.6226090619027848,0.5976433078844164,0.5726973872912177,0.5477725785447337,0.5228693077034682,0.49798735875676237,0.47312608222752983,0.44828460435425777,0.42346203597577275,0.39865767850301603,0.3738712646941063,0.3491039339738076,0.3243601408313063,0.2996482190849163,0.2749791810882164,0.25036696995006846,0.22583006599938052,0.20139088383078174,0.1770723492759973,0.15289461341295105,0.1288752408472556,0.10503218329740914,0.08138588838083675,0.05795983506157669,0.034780608830177695,0.011876341601130528,-0.010728721957832678,-0.033019799185908257,-0.054991138863545785,-0.07664251765249397,-0.09797774364712022,-0.1190044463776723,-0.13973390247960063,-0.16018077622864793,-0.18036180080968017,-0.2002928256968105,-0.2199871490193772,-0.23945703110611535,-0.25871472297999515,-0.27777141169936126,-0.29663586995002994,-0.3153132593052821,-0.33380588689850493,-0.35211581164325517,-0.3702453309563792,-0.3881943352219762,-0.4059585243683345,-0.42353113117029373,-0.4409057642112762,-0.4580786640210691,-0.47504983196977946,-0.49182187226830404,-0.5083982647154435,-0.5247827870366882,-0.5409792844415423,-0.5569904956218806,-0.5728162866193466,-0.5884534042969826,-0.6038956697877861,-0.6191337224848518,-0.6341567592707468,-0.6489536109438658,-0.6635111114167574,-0.6778137004791156,-0.6918443670162661,-0.7055848632865661,-0.7190155973646816,-0.7321152779008013,-0.744860053820119,-0.7572250978635233,-0.7691897682704341,-0.7807407530158921,-0.7918709828287391,-0.8025773561970269,-0.8128599744024552,-0.8227235118179085,-0.832178286934571,-0.8412392429932914,-0.8499242694468475,-0.8582545016858427,-0.8662559355286674,-0.8739601140658014,-0.8814035013055498,-0.8886250060809343,-0.8956618508741664,-0.9025459833033316,-0.9093033572646194,-0.9159554646906032,-0.9225204120511898,-0.929012991210445,-0.9354449579938968,-0.941826921529433,-0.9481710445778874,-0.9544909318671655,-0.9607987893095838,-0.9671034724435632,-0.9734101041322543,-0.9797200183415866,-0.9860308930762516,-0.9923382436898636,-0.9986382247735605,-1.0049283303724297,-1.011204848528124,-1.017461127620743,-1.0236893683962245,-1.029883785098487,-1.0360413430012239,-1.0421591660750698,-1.0482314214351809,-1.0542479847527937,-1.0601942609426271,-1.0660515093538074,-1.0717992283662923,-1.0774200050209768,-1.082902670578298,-1.0882414370614801,-1.0934335337698065,-1.09847702591463,-1.1033695092490952,-1.1081080942781039,-1.112690386860853,-1.1171148595943243,-1.1213802882591752,-1.1254866123729819,-1.1294365309030971,-1.1332359558339198,-1.1368930839629794,-1.1404157343549148,-1.1438093781345038,-1.1470784562190157,-1.1502278673162816,-1.15326225440127,-1.1561847854012905,-1.1589959998990371,-1.1616942831425625,-1.164278584081529,-1.1667503995254513,-1.1691140558271789,-1.171375548459645,-1.173539777158282,-1.1756087496918113,-1.1775822167817533,-1.1794584837965991,-1.1812340368815601,-1.1829019331468154,-1.1844501355329096,-1.1858610450283236,-1.1871123228017892,-1.1881786912440233,-1.1890332093639837,-1.1896474917539883,-1.1899916913034263,-1.1900345047545564,-1.1897431804017236,-1.1890835323993845,-1.1880211314233176,-1.1865253990624018,-1.1845744171423842,-1.182157036084466,-1.1792720331856041,-1.175925177811445,-1.1721263106439024,-1.1678882090925766,-1.1632269006044789,-1.158163212344486,-1.1527239535025464,-1.1469402174415886,-1.1408441429908165,-1.1344670019121117,-1.1278379514340677,-1.1209824042563026,-1.113922306749608,-1.1066791315728146,-1.0992767048089978,-1.0917417466861727,-1.0841024100995251,-1.0763872409115487,-1.0686257163840307,-1.0608480473154314,-1.0530840870044844,-1.0453620482160813,-1.0377069110332509,-1.0301408958376304,-1.0226859277193174,-1.015363107708653,-1.0081890372897027,-1.0011744886988008,-0.9943255127520907,-0.9876447387074861,-0.9811331177851839,-0.974790354222085,-0.9686133789161994,-0.9625952491295053,-0.9567250531075342,-0.9509879763907961,-0.9453653516637647,-0.9398347167505628,-0.9343705080490528,-0.9289465449993686,-0.9235393992489914,-0.9181312325621583,-0.9127128557490997,-0.9072852435667266,-0.9018562244111556,-0.8964346838610522,-0.8910270052871619,-0.8856367444588887,-0.8802662575575398,-0.8749177078205997,-0.8695926658326519,-0.8642933122762747,-0.8590241935854288,-0.8537908162008436,-0.8485968895073864,-0.8434434863497726,-0.8383307876609822,-0.833260952067491,-0.8282384317915794,-0.8232679509283024,-0.8183541744911708,-0.8135019671281455,-0.8087149656476974,-0.8039943316686352,-0.7993385801253117,-0.7947436374920618,-0.7902028678751851,-0.7857075215607503,-0.7812488274162289,-0.7768207286430538,-0.7724196451107128,-0.7680416887819298,-0.7636809187183784,-0.7593290820840848,-0.7549758486208158,-0.7506101049768376,-0.7462211951947451,-0.7417969734538523,-0.7373208663396923,-0.7327721693615703,-0.7281277080595236,-0.7233631740000496,-0.7184558074453897,-0.7133876144988508,-0.7081469203559947,-0.7027286015735328,-0.6971341139364509,-0.6913715467916491,-0.6854552410654186,-0.6794037519991765,-0.6732371910438218,-0.666976892864312,-0.6606465213313264,-0.6542724597547622,-0.6478839983090524,-0.6415143492228619,-0.6352007756805835,-0.6289807659280618,-0.6228862766740436,-0.6169409311084126,-0.6111615252215554,-0.6055606870823269,-0.6001472834702727,-0.5949271768366433,-0.589906450965104,-0.5850928365626303,-0.580494294714946,-0.5761180070973936,-0.5719703099286005,-0.5680567401234123,-0.564381533466743,-0.5609459907122558,-0.5577469343175866,-0.5547764125312714,-0.5520225657212352,-0.5494704153508313,-0.5471014307861745,-0.5448939209020512,-0.5428247475166739,-0.540869799100131,-0.5390025151323127,-0.5371928165019176,-0.5354082981752782,-0.5336157543570577,-0.5317816598173595,-0.5298733275245224,-0.5278618853545898,-0.5257252520007827,-0.5234490017618639,-0.5210246608365774,-0.5184469059467468,-0.515713352979804,-0.5128266070831679,-0.5097938833837344,-0.5066250385311607,-0.5033327036152926,-0.4999333493338581,-0.49644708349891725,-0.49289508503920976,-0.48929602150048734,-0.48566400132077486,-0.4820069410494238,-0.478326176928559,-0.47462006080916547,-0.47088793684831864,-0.46713048124159734,-0.46334869222811303,-0.45954369716940496,-0.4557165509556955,-0.4518669055392859,-0.4479916447150722,-0.4440856866772651,-0.44014366994309834,-0.4361605504973589,-0.4321316356656143,-0.42805261949800366,-0.4239196153661069,-0.4197291900956156,-0.4154783981184725,-0.41116481569534974,-0.4067865764770038,-0.40234240590546816,-0.3978316485463071,-0.39325367779044523,-0.38860625616166367,-0.3838849259805092,-0.37908450027711665,-0.37420053469054465,-0.36923095654306265,-0.3641789322689218,-0.3590539811489977,-0.35387010612354697,-0.34864543286812366,-0.3434042624764885,-0.3381761722087371,-0.3329915440222129,-0.32787926296647374,-0.32286798212777484,-0.3179873895630427,-0.31326863883308714,-0.30874600844803685,-0.3044594172173951,-0.30045306088951435,-0.2967695525144289,-0.29344551893709975,-0.2905106722941451,-0.2879887777665378,-0.28590032491963596,-0.28426441209887066,-0.2830970931111051,-0.2824089237625203,-0.2822052894751701,-0.28248769977287136,-0.2832529593892949,-0.28449212922464556,-0.2861916613917781,-0.2883340895389856,-0.2908965797904452,-0.29384958878698975,-0.29715679940649037,-0.30077660684265617,-0.3046652597978112,-0.30877949846534275,-0.31307783126777855,-0.3175215773891011,-0.3220741557149473,-0.32669895517215525,-0.33135837224425585,-0.3360131310345012,-0.3406223688247248,-0.34514521158176914,-0.3495420699121681,-0.353776469046522,-0.35781826885145285,-0.3616460652945075,-0.36524777062752417,-0.36861982179098196,-0.37176456122623597,-0.3746869972250699,-0.37739335966300314,-0.37989202794664084,-0.38219509367571275,-0.38431792840172474,-0.38627786053363,-0.38809493002956585,-0.38979236094730935,-0.39139373157874185,-0.39292069056295764,-0.39439396997415155,-0.3958347193811853,-0.3972647243755254,-0.3987063701854584,-0.4001826262270274,-0.4017170228379751,-0.4033336317674621,-0.40505649476352823,-0.40690732667348056,-0.4089029421819369,-0.41105512342522627,-0.4133717572489292,-0.415858167524863,-0.4185187129258726,-0.4213562787054173,-0.42436918024476133,-0.4275489165896841,-0.4308819241133761,-0.43435445900183417,-0.43795559539716633,-0.4416763345168873,-0.4455080631809384,-0.44944106156467406,-0.45346170905987576,-0.45755097929182975,-0.46168673619958284,-0.46584811605432186,-0.4700191533075362,-0.4741889835650615,-0.47834908810174864,-0.48249124399602067,-0.4866070865364685,-0.4906882119628659,-0.4947272218279549,-0.4987195081828032,-0.5026645539994673,-0.506567046701086,-0.5104371145535727,-0.5142892732230052,-0.5181405353724605,-0.5220054886471936,-0.5258898831702479,-0.5297890593896407,-0.5336920629130928,-0.5375858535290837,-0.5414566823287987,-0.5452904679936796,-0.5490746096642827,-0.5528007590434214,-0.5564649348732207,-0.5600647549716342,-0.5635974157211935,-0.5670592851815409,-0.5704458875832815,-0.5737518540224605,-0.5769711268645814,-0.580098253735811,-0.5831297960182702,-0.5860635996813031,-0.5888971049860142,-0.5916266895921387,-0.5942469604231431,-0.5967498020747998,-0.5991246613563033,-0.6013586361470533,-0.6034360095406539,-0.6053389919156489,-0.607048530935815,-0.6085448022149732,-0.6098092356973703,-0.6108278180574528,-0.6115932226670542,-0.6121051970048399,-0.6123695347085388,-0.612395379561566,-0.6121932995569267,-0.6117755908124823,-0.6111558073337507,-0.6103474526431446,-0.6093647037846653,-0.6082240782447004,-0.6069449906623365,-0.6055489567094641,-0.6040569506398489,-0.6024863464381501,-0.600850640151626,-0.5991623037041124,-0.5974353932631384,-0.5956852194631392,-0.593926644484542,-0.592173877650788,-0.5904420866998413,-0.5887482847721839,-0.5871100076686994,-0.5855439134288688,-0.584065503835023,-0.5826891439365305,-0.5814280802116549,-0.5802941311770096,-0.5792962425964905,-0.5784392197753029,-0.5777241211473256,-0.5771482434566364,-0.576705609880888,-0.5763900660631358,-0.5761969984167962,-0.57612200258593,-0.576159723425098,-0.5763037117688582,-0.5765464479085524,-0.576878900329106,-0.5772889567600669,-0.577761046726659,-0.578279808268604,-0.5788348278039368,-0.5794226063763415,-0.5800456036416959,-0.5807092176625549,-0.5814191279165218,-0.5821819089802008,-0.5830077898183049,-0.5839110943715721,-0.5849081930574827,-0.5860177108444883,-0.5872624132247851,-0.5886673988795708,-0.5902555402963758,-0.592045882999013,-0.5940551090009222,-0.5962985410084455,-0.5987902233255724,-0.6015424333829265,-0.6045640695460082,-0.6078596301883642,-0.6114304315962723,-0.615276044112533,-0.6193945920290458,-0.6237827065281043,-0.6284354899366793,-0.6333464978272213,-0.6385073470118509,-0.6439066164534584,-0.6495301422421766,-0.6553630633972026,-0.6613901719301194,-0.6675947959066263,-0.673958488787817,-0.6804620194751668,-0.6870871533227461,-0.6938177106632166,-0.7006393313533226,-0.7075379728487824,-0.714498110560822,-0.7215020173408755,-0.7285297151631097,-0.735559798693237,-0.7425729119479589,-0.7495565631872341,-0.7565065504268605,-0.7634242542771321,-0.7703137059340283,-0.7771801543767947,-0.7840284452273479,-0.7908622946141456,-0.7976869085160915,-0.8045113953875926,-0.8113485415099023,-0.8182141031462027,-0.8251249039048775,-0.8320957731770448,-0.8391372101069279,-0.8462550963783836,-0.8534526235447619,-0.8607311158917156,-0.8680889901346887,-0.8755218315752609,-0.8830240738601045,-0.890590468478841,-0.8982172051499364,-0.9059023831015666,-0.9136440191740999,-0.921437293405495,-0.9292734682879288,-0.9371397713091705,-0.9450193441792255,-0.9528918476755913,-0.9607358245546077,-0.9685309630449772,-0.9762569652838631,-0.9838908045284076,-0.991406462658447,-0.9987762893023815,-1.0059705306562239,-1.0129555738859197,-1.019693662472922,-1.026145036608666,-1.032270483585826,-1.0380316096757454,-1.0433916613543768,-1.0483198404832423,-1.0527955480009612,-1.0568095726867865,-1.0603625115734243,-1.0634615138088468,-1.0661172612758771,-1.068341623820214,-1.0701459902740398,-1.0715408138725553,-1.072536546727453,-1.073146418804508,-1.0733893482124601,-1.0732898815279852,-1.072874917806279,-1.0721695607795223,-1.0711948786409844,-1.069969236275699,-1.0685109478496349,-1.0668379820407872,-1.064966031102734,-1.0629094905725174,-1.0606843377820194,-1.0583093688045153,-1.0558050964955255,-1.0531922711530988,-1.050492087373862,-1.047726346033109,-1.0449170012304376,-1.0420866252261705,-1.0392574147420277,-1.0364484581094466,-1.0336750962996217,-1.0309503674593459,-1.0282849567163512,-1.025685530880563,-1.0231538385552565,-1.0206866631390563,-1.0182758595440358,-1.0159090104409012,-1.0135711203933775,-1.0112453471568927,-1.008912601023259,-1.0065533218330263,-1.0041514778130174,-1.0016973759864625,-0.9991877028797902,-0.9966253091105216,-0.9940197244148676,-0.9913861496907882,-0.9887438508085168,-0.9861149219896232,-0.9835226133719096,-0.9809910298485562,-0.978546758276887,-0.9762197703310732,-0.9740419333500717,-0.9720437856953987,-0.9702520146593155,-0.968688748253656,-0.9673715510760238,-0.9663134253767799,-0.9655228891906186,-0.9650050803035163,-0.9647645124189049,-0.9648066643023383,-0.9651360599799935,-0.9657536285037495,-0.9666557868267572,-0.9678349129404905,-0.969281601669177,-0.9709879165626022,-0.9729484228241322,-0.9751578035750147,-0.9776076956968786,-0.9802854355609271,-0.9831753900669158,-0.9862618093427433,-0.989529617498047,-0.9929624074323844,-0.9965416992557381,-1.0002473250034816,-1.004056904142988,-1.0079460597745933,-1.0118885537643925,-1.0158559622532248,-1.0198195366251896,-1.0237528815009025,-1.0276329634471757,-1.0314401393828108,-1.0351586555258128,-1.038778231314778,-1.0422941396852494,-1.045704128683898,-1.0490065582905237,-1.0522016494605682,-1.0552926620962966,-1.0582860266855871,-1.0611912991110404,-1.0640211397754757,-1.0667907907191103,-1.0695158462276972,-1.0722096509514043,-1.0748837757433771,-1.0775499628670908,-1.0802197783724259,-1.0829024490035735,-1.0856032827434263,-1.088325302081776,-1.0910727102370366,-1.0938524482826213,-1.0966742504503766,-1.0995505790876974,-1.1024958510389877,-1.1055246492960624,-1.1086501036751184,-1.1118812898881518,-1.115218550111138,-1.118651372848611,-1.1221617702500302,-1.1257285725493953,-1.1293294050680547,-1.1329417573480862,-1.1365428386622247,-1.140108414320196,-1.1436116012805033,-1.1470220754088802,-1.1503064810538897,-1.153428312958276,-1.1563481859659832,-1.1590279818621687,-1.1614365692310105,-1.1635528552617753,-1.1653663340409761,-1.1668762491838975,-1.1680889378912902,-1.1690145256578102,-1.16966431536808,-1.170048981333264,-1.1701788464379193,-1.170065557903579,-1.1697233386462622,-1.1691705949590774,-1.1684302731372607,-1.1675255183104196,-1.1664741372009346,-1.16528881527924,-1.163981378614855,-1.1625642455338583,-1.1610491633769777,-1.1594479086481662,-1.1577754581389827,-1.1560520093913205,-1.1543020237348816,-1.1525519186049606,-1.1508271335960203,-1.1491499184475522,-1.1475404010161976,-1.1460181221419,-1.1446005487282411,-1.1433017022879126,-1.1421325764797632,-1.141100820469966,-1.1402112095898356,-1.139467705645918,-1.1388730401032794,-1.1384258834184036,-1.1381191206819177,-1.1379397691105153,-1.1378701664342719,-1.1378897897847404,-1.137976550201387,-1.1381083443640578,-1.1382652823168276,-1.138431942687493,-1.1385982812121727,-1.1387583155312169,-1.1389087062211816,-1.1390484652912385,-1.1391789589397683,-1.139304130510782,-1.139432154072287,-1.1395782780991264,-1.1397653553212221,-1.140021226412324,-1.1403758487209403,-1.140858253371722,-1.1414924178956543,-1.1422940117878708,-1.1432710662368268,-1.1444272312791137,-1.1457625435195322,-1.1472721695154762,-1.1489474760916603,-1.1507787549576418,-1.1527558325241964,-1.154866952021906,-1.1570975754852766,-1.1594296074433423,-1.1618429665635974,-1.1643181709384094,-1.1668363293362576,-1.1693777382385289,-1.1719224498697156,-1.1744514602394303,-1.1769451697366866,-1.179380782859551,-1.1817328298355874,-1.1839760000456432,-1.1860867876855488,-1.1880437003280624,-1.189827267802738,-1.1914194489814862,-1.1928007791446682,-1.1939481705263835,-1.1948388161381363,-1.1954560807328432,-1.1957901033003135,-1.1958349360705771,-1.1955869407501276,-1.1950455994334837,-1.1942151568695814,-1.1931044123798686,-1.1917250319306494,-1.1900906996095206,-1.1882170741332352,-1.1861218066903942,-1.1838245160531489,-1.1813459425949708,-1.1787052525431598,-1.1759170400408612,-1.1729912017309425,-1.1699358502347943,-1.166760161637928,-1.1634753869086878,-1.1600944696531388,-1.156630471562835,-1.1530956197334419,-1.1495025390520317,-1.1458647990377002,-1.1421944723674289,-1.1384992234710096,-1.1347821878366595,-1.1310433974682026,-1.1272797081048618,-1.1234850394113658,-1.1196529703410705,-1.1157783965324635,-1.1118556669436868,-1.10787541971164,-1.1038238885546698,-1.0996855328129065,-1.0954459357328823,-1.091091604585858,-1.0866069522002368,-1.0819720583352628,-1.0771639040104946,-1.0721597076621123,-1.0669398470721614,-1.0614908893035981,-1.0558088693969807,-1.0499008782886952,-1.043784071468256,-1.0374826759962306,-1.031024914664873,-1.024440259697826,-1.0177565930311328,-1.0109999518988186,-1.0041966166597678,-0.9973727667803202,-0.9905517687258795,-0.9837534590795491,-0.9769954561607623,-0.9702920595116139,-0.9636513126813404,-0.9570762005130325,-0.9505691522624208,-0.9441337874201252,-0.9377745729180872,-0.9314980415319977,-0.9253143570709853,-0.9192377340754678,-0.9132864839188823,-0.9074828939157604,-0.9018518103333183,-0.8964175353122532,-0.8912011779533401,-0.8862198421242063,-0.8814866314473824,-0.8770106921082979,-0.8727972426550437,-0.8688476830877209,-0.8651607051724731,-0.8617352378242651,-0.8585732682766595,-0.8556795184737787,-0.8530583784054965,-0.8507113214402714,-0.8486356469045743,-0.8468228511295666,-0.8452578011810014,-0.8439209558185177,-0.8427925114755179,-0.8418558346158526,-0.8410989051335124,-0.8405142454088571,-0.8400975604706489,-0.8398463535519849,-0.8397602230266442,-0.8398409212276777,-0.8400919617328614,-0.8405198876337185,-0.841135728789869,-0.8419551974709839,-0.8429974031538202,-0.8442818129539593,-0.8458253857665362,-0.8476415207589392,-0.8497404134256542,-0.8521306149069164,-0.854820045929359,-0.8578147534345726,-0.8611174771250978,-0.864728221722923,-0.8686459192300378,-0.8728684252087735,-0.8773908236340225,-0.8822044150544142,-0.887296599056129,-0.8926508496262969,-0.898247256921377,-0.9040641431446886,-0.9100788240700952,-0.9162670509215134,-0.922603316947941,-0.9290606778955626,-0.9356092947280978,-0.9422169928427796,-0.9488519607859903,-0.9554837573738324,-0.9620822747439237,-0.9686164876291745,-0.9750526647208014,-0.9813529205136673,-0.987476012465047,-0.9933814298280497,-0.9990353635468707,-1.0044145202840749,-1.009505191270585,-1.0142985474891189,-1.018786903790028,-1.0229634431706722,-1.0268220874823653,-1.030357196668391,-1.0335650480802274,-1.0364463186723705,-1.0390088964427977,-1.0412678120277028,-1.0432400339898142,-1.044939176531644,-1.0463742665355913,-1.047551832365098,-1.0484792026316,-1.0491665117425324,-1.0496270804395953,-1.0498773928650234,-1.049937104811565,-1.049828826116282,-1.0495765375419162,-1.0492023871022753,-1.0487241007356538,-1.048154221828617,-1.0475000890611463,-1.0467638786702806,-1.045943510894666,-1.0450352943872792,-1.044035853850921,-1.0429407539566011,-1.0417432608500712,-1.0404364147729155,-1.0390156135950774,-1.0374794425079632,-1.035829124171661,-1.0340661656269834,-1.0321890890963477,-1.0301917194688477,-1.0280640107515764,-1.025795191293309,-1.0233779617798833,-1.0208112042175728,-1.0180995879175208,-1.0152518896908467,-1.0122803165258156,-1.0092005060210856,-1.0060315454610915,-1.0027960013411223,-0.999519840102584,-0.9962312169108452,-0.9929577044035123,-0.9897247033505865,-0.9865558696782586,-0.9834724396209111,-0.9804915765680875,-0.9776257669327286,-0.9748835600225645,-0.9722721514156132,-0.969800518544029,-0.9674800270420937,-0.9653230353457937,-0.963342793109687,-0.9615534939599134,-0.9599683466418575,-0.958598635705171,-0.9574547129665026,-0.9565465371041273,-0.9558829384921208,-0.9554698285802097,-0.9553089716734807,-0.9553988112066751,-0.9557361122523732,-0.9563156948298389,-0.9571290903429513,-0.9581651867097312,-0.9594119034154448,-0.960856784294664,-0.9624862937900441,-0.9642840427113715,-0.9662293831473044,-0.9682971169442717,-0.970457479668363,-0.9726766059882982,-0.9749198655494679,-0.9771579307024193,-0.9793697661820815,-0.9815406946490057,-0.9836602298674494,-0.9857216021116343,-0.9877216578848023,-0.98965984293899,-0.991536533968069,-0.993353077467454,-0.9951137418384443,-0.9968280466747799,-0.9985117006477401,-1.0001835759798785,-1.0018607548161627,-1.0035559660800395,-1.0052781530975743,-1.0070360610307418,-1.0088417974403523,-1.010709215187353,-1.0126497308618723,-1.0146719434312375,-1.0167847037633977,-1.0189995854577394,-1.0213309294543595,-1.0237934459702758,-1.0263989224619792,-1.029154406048467,-1.0320618898751683,-1.035118303524527,-1.0383154854765977,-1.0416401653204084,-1.045073932617778,-1.0485936703943792,-1.0521731192566284,-1.055783873722801,-1.0593949097337507,-1.0629737440496059,-1.0664891407119081,-1.0699115490011948,-1.0732116552880366,-1.0763605707540091,-1.0793318544156056,-1.082103815240152,-1.084660763363483,-1.086991962361253,-1.0890900342326393,-1.0909505122562022,-1.0925717463558833,-1.0939537030186939,-1.0950951660257988,-1.0959922889821399,-1.0966406349191569,-1.0970377519485222,-1.0971840033119116,-1.0970820146699543,-1.0967343516684849,-1.096141062932602,-1.095300507433312,-1.0942122113960502,-1.0928784015027224,-1.0913039679112373,-1.0894951471456793,-1.0874581018318739,-1.0851991820210434,-1.0827250389887293,-1.080042223919642,-1.0771583811754608,-1.0740829152721283,-1.0708256799751448,-1.067396586419119,-1.063806102178582,-1.0600645328833918,-1.0561811948498427,-1.0521647539992594,-1.0480243278392012,-1.0437695822865427,-1.0394103896442952,-1.0349581025034793,-1.0304260380963202,-1.0258269984572836,-1.021170230559245,-1.0164601623017973,-1.0116963158524857,-1.0068733539480632,-1.0019815674863426,-0.9970096019347449,-0.991950128040503,-0.9868051254330624,-0.9815864245364719,-0.9763116013834378,-0.9710007216649612,-0.9656764267759362,-0.9603636065518527,-0.95508809394602,-0.9498773243942887,-0.9447620540826807,-0.9397770153247221,-0.9349601801376438,-0.9303494213557493,-0.9259776364916602,-0.9218708816143927,-0.9180497851332764,-0.9145307056487295,-0.9113258776293786,-0.9084438005641092,-0.9058912558408994,-0.9036760645636052,-0.9018069649047505,-0.9002908191598868,-0.8991308659877066,-0.8983274086061078,-0.8978795023703303,-0.8977849008424746,-0.8980386525711737,-0.8986339245696732,-0.8995647553792351,-0.9008269165322781,-0.9024168606771774,-0.9043304915264294,-0.906561386705736,-0.9090993933035986,-0.9119303241073666,-0.9150359756535102,-0.9183938530905689,-0.9219757773214419,-0.9257468753869015,-0.9296678858426265,-0.9336979260541076,-0.9377953070182203,-0.9419209880926906,-0.9460436455597757,-0.9501401363391688,-0.954192867893864,-0.9581884307722628,-0.9621174479295207,-0.9659745545553855,-0.9697583660674064,-0.9734714511330477,-0.9771202717304689,-0.9807144176722102,-0.9842648080163596,-0.9877821723924222,-0.9912756746691379,-0.9947512721549766,-0.9982118957414375,-1.0016590997661419,-1.0050943030882382,-1.0085198652804042,-1.01193851631668,-1.0153512548840138,-1.0187571125510966,-1.022154280179728,-1.0255414126322548,-1.0289192448993176,-1.0322902047758225,-1.0356553582678627,-1.0390120675695274,-1.042354644952851,-1.0456754530671948,-1.0489644636492956,-1.0522101251751739,-1.055401320745692,-1.0585272282614917,-1.0615762683380419,-1.0645361011511618,-1.0673946430918515,-1.070140113256761,-1.072758583347734,-1.0752315759668816,-1.077536007335556,-1.07964591397674,-1.081534900672161,-1.083180037316496,-1.0845656099119445,-1.0856827489576026,-1.0865268370723968,-1.0870963701984482,-1.0873928808091518,-1.0874209405634143,-1.0871881572129154,-1.0867051721387417,-1.0859856603115698,-1.085046328573362,-1.0839069289489027,-1.0825901038101815,-1.0811199415649684,-1.079519140950069,-1.0778077215001582,-1.076003478345232,-1.0741215960519104,-1.0721746988973968,-1.070173973028416,-1.0681304323003193,-1.066056740630316,-1.0639683628323044,-1.0618824363788917,-1.059814656817797,-1.0577768586818022,-1.055777563965506,-1.0538231971175676,-1.0519171052790812,-1.0500580284048775,-1.0482404497952726,-1.0464564180917808,-1.0446968968675658,-1.0429518380363578,-1.0412089659183497,-1.0394519764138812,-1.0376596666530054,-1.0358058907568755,-1.0338595992619646,-1.0317855380221381,-1.029546748898076,-1.0271079130484877,-1.0244381507689435,-1.0215142161551942,-1.01832330263896,-1.0148627198365558,-1.0111368315997098,-1.0071544740708125,-1.0029282164971318,-0.9984743709224901,-0.9938130240372512,-0.9889680692782088,-0.9839672401702062,-0.9788421402348948,-0.973628288902972,-0.9683649203463829,-0.9630933494613187,-0.9578541569292809,-0.9526867097274939,-0.9476312272656799,-0.9427286311328473,-0.9380178202219636,-0.9335348328289113,-0.9293152526231684,-0.925396062162927,-0.9218139649340452,-0.918602689550343,-0.9157919749187184,-0.9134075298594619,-0.911471054536451,-0.9100002542000106,-0.9090088521298891,-0.9085065990495709,-0.9084992787452798,-0.9089887148893224,-0.9099727590276371,-0.91144553346164,-0.9133991227606576,-0.9158264059037831,-0.918721496191225,-0.9220770911558362,-0.9258823125349126,-0.930122219584828,-0.9347778601666259,-0.939827507702872,-0.9452506949271731,-0.9510327243005335,-0.9571654797402493,-0.9636454016424754,-0.9704711187885711,-0.9776421952202398,-0.9851601361940305,-0.9930291312807394,-1.0012547014430708,-1.0098432186187485,-1.0188032509162954,-1.0281452966563427,-1.0378784868191775,-1.0480063539914686,-1.058524477063496,-1.0694216961836385,-1.0806838927576219,-1.0922969981600508,-1.1042462877956623,-1.1165134291806071,-1.129074903461301,-1.141903014412765,-1.154968873348045,-1.1682451023636578,-1.181706716072003,-1.1953306052705763,-1.2090938307323842,-1.2229725489509933,-1.236943167986169,-1.2509837029825408,-1.265073875834216,-1.2791937368498936,-1.2933205324754893,-1.3074257370252929,-1.3214739046352568,-1.335422927095726,-1.3492260220062515,-1.362834322808191,-1.376197195386304,-1.3892618987955807,-1.401974939551609,-1.4142832727236534,-1.4261346210103174,-1.4374788770375118,-1.448271206940283,-1.458474214405722,-1.468057134100377,-1.4769940855714825,-1.4852627698045515,-1.4928427031086653,-1.4997147019679928,-1.5058633258872192,-1.511279907553613,-1.515963810518777,-1.5199225223774848,-1.523171254041054,-1.5257305102221994,-1.527621178685422,-1.5288612337916923,-1.5294657044689364,-1.5294464412810038,-1.5288120201476643,-1.5275692729185877,-1.5257246696758506,-1.5232860386181968,-1.5202654198113068,-1.5166798272507556,-1.5125487718192017,-1.5078926188354638,-1.5027344373429676,-1.4971023753605832,-1.4910278477412915,-1.484541181222744,-1.477671240688636,-1.4704485579180002,-1.4629060615326257,-1.4550775310395445,-1.4469963919705717,-1.438694146639452,-1.4301994336378303,-1.4215385298568568,-1.4127343205644385,-1.4038044839222465,-1.394761864361148,-1.3856155130112335,-1.3763709026085846,-1.367030674350266,-1.3575981133513662,-1.3480817236265528,-1.3384959349119165,-1.3288584161366022,-1.3191882339316572,-1.3095054944960067,-1.2998302263300052,-1.2901798406461804,-1.280569305395849,-1.2710161364628791,-1.2615438691305594,-1.2521800174296889,-1.2429516712121491,-1.2338816810792104,-1.2249867832151666,-1.2162782719980787,-1.2077647583978057,-1.1994541933326044,-1.1913536717404198,-1.1834696257237112,-1.1758081635125295,-1.1683746270832847,-1.1611745788922165,-1.1542148313307614,-1.1475015587104682,-1.1410371031300701,-1.1348183019446814,-1.1288364190344566,-1.1230785982685305,-1.1175307398567684,-1.1121789604592425,-1.1070087930759507,-1.1020045426707232,-1.0971492965165937,-1.0924250146286456,-1.0878133717750276,-1.0832975158432723,-1.0788622849541907,-1.0744915499420344,-1.0701652761685387,-1.0658587423442345,-1.0615439175063626,-1.0571917246523355,-1.05277599396223,-1.048279483276154,-1.0436958346960312,-1.0390257298254373,-1.0342727649964745,-1.0294400713357326,-1.024527595405112,-1.0195324911405874,-1.0144522547054327,-1.0092873780207805,-1.0040421631390808,-0.9987247690450646,-0.9933465054756229,-0.9879193068722694,-0.9824525569453266,-0.9769516846021197,-0.9714191455673352,-0.9658560514542992,-0.9602621577572079,-0.9546360430801171,-0.9489776599874492,-0.9432907043227927,-0.9375832149674393,-0.9318668008228449,-0.9261540165493192,-0.9204553719946965,-0.9147789908934001,-0.9091320686100973,-0.9035209416449532,-0.897950852883413,-0.8924260733967273,-0.8869474612899465,-0.8815104800629472,-0.8761076272127281,-0.8707306247775904,-0.8653693507159463,-0.8600105768789427,-0.8546378057905554,-0.8492313367045291,-0.8437683157025713,-0.8382227859023764,-0.8325662334733213,-0.8267704506860879,-0.8208132411389445,-0.8146828716579877,-0.8083776292050366,-0.8019028709320691,-0.7952684927717867,-0.7884869939250816,-0.7815722234703812,-0.7745382774453983,-0.7673997675090574,-0.7601744932470866,-0.7528856738821215,-0.7455617179587767,-0.7382335674530347,-0.730930606892309,-0.7236775160989584,-0.716494136671016,-0.7093972276806133,-0.7024011335878104,-0.6955164424635081,-0.6887488056965259,-0.6821000131469724,-0.6755696295339904,-0.6691554940123479,-0.6628537664574942,-0.6566589870354934,-0.6505641306246361,-0.6445606608470267,-0.6386385881366442,-0.6327865157593221,-0.6269921602322115,-0.6212440019934118,-0.6155323066065718,-0.6098479112867036,-0.6041808239142216,-0.5985199536672584,-0.5928531789271015,-0.5871673946350036,-0.5814485657161401,-0.5756817797576671,-0.5698513000884297,-0.563940617872756,-0.5579325302929565,-0.5518099183127063,-0.5455574975847665,-0.539162336847986,-0.5326123738887001,-0.5258952572320628,-0.5189984943925501,-0.5119108953869786,-0.5046240120821367,-0.4971318965821939,-0.4894317133969127,-0.4815265555110144,-0.4734274471449089,-0.4651527222739196,-0.45672412611741275,-0.4481610532749161,-0.43947776810436984,-0.4306856226064215,-0.42179716753744295,-0.4128284104123227,-0.4037974818210923,-0.3947214424881647,-0.38561502933452907,-0.37649209419587837,-0.3673670682711237,-0.35825515893465587,-0.34917103420674045,-0.34012578273990046,-0.33112456620875136,-0.32216723886612386,-0.31325011282188087,-0.30436664609867004,-0.2955068813926807,-0.28665657112324305,-0.2777975313257616,-0.2689078511269442,-0.25996170193565155,-0.2509313566446834,-0.24178996594701577,-0.2325122648183089,-0.22307272655773333,-0.2134429041211854,-0.20359164317017314,-0.1934880177004957,-0.18310422119101039,-0.172418765885965,-0.1614194966961508,-0.1501036333989004,-0.13847488643484912,-0.1265408024445595,-0.11431196873534172,-0.10180155078776947,-0.08902315527563028,-0.07598838633679444,-0.062707619614351,-0.04919285271567353,-0.035458375131336886,-0.021519261485593064,-0.007390135632095618,0.006916201670600349,0.021390039193492343,0.03602386400968774,0.050811160346526385,0.06574738619090509,0.08083059379384053,0.09606000746437439,0.11143539710413596,0.12695744754751365,0.14262693520413147,0.15844370958616275,0.17440680568265815,0.19051582483473875,0.20677251043515532,0.2231812034505263,0.23974875764496534,0.2564852443848084,0.27340550340923103,0.29052922541102416,0.3078791818377438,0.32547999538031025,0.34335786810072155,0.36154043812156905,0.38005661866344287,0.3989364363131294,0.41821086956185677,0.4379116353129096,0.4580699247498398,0.47871238045888415,0.4998562233271436,0.5215078756977485,0.5436646502201736,0.5663169061971138,0.5894496821495475,0.613043725544499,0.6370770016914332,0.661526049233415,0.6863661912515958,0.7115713236578385,0.7371137229896776,0.7629638284288325,0.7890903022732837,0.815461548939877,0.8420487600309747,0.868827633542954,0.8957765729455156,0.9228739224446314,0.9500983958345038,0.977431617840163,1.0048583214432727,1.032363540391343,1.059930955594267,1.087544406888278,1.1151888008344013,1.142849440960875,1.1705127856823894,1.198167785996413,1.22580535672578,1.2534164422743834,1.280991428434814,1.3085214891276522,1.3359995242215652,1.363419787957023,1.390776238994031,1.418060984062467,1.4452654635318982,1.472384109512523,1.4994171541567631,1.526369690094289,1.5532486978301348,1.5800623177573847,1.6068208506626327,1.633535083083684,1.6602128801963216,1.6868587003864208,1.7134749982515527,1.7400626523182465,1.766620782690006,1.79314738370338,1.8196417011990929,1.8461060191987921,1.872543969685449,1.8989573144859737,1.9253429230521601,1.9516899813964366,1.9779811583711153,2.004198265186838,2.0303264664523564,2.0563550570407463,2.082277246180272,2.108089844547761,2.133791802130414,2.1593812017580567,2.184853440605285,2.2102017592632333,2.2354182127189532,2.2604950812776017,2.28542629989016,2.3102070758716295,2.3348319867883607,2.3592942779900703,2.3835871929714503,2.4077049708559177,2.431643068615204,2.455399292137646,2.4789750055728907,2.502374175014629,2.525601513067402,2.548661708872474,2.571559230133195,2.5942981263979044,2.61688183671762,2.6393129975702836,2.661593252732074,2.6837230646122854,2.7057015272562372,2.727526180966932,2.7491928280128692,2.770695351616192,2.792025530352094,2.8131729223097457,2.834125739408089,2.8548734011907233,2.875408034780287,2.895722467958636,2.91580737726258,2.9356505580396166,2.955238737892698,2.974560713475052,2.993608632087333,3.012375819836926,3.0308543746672507,3.049036182457625,3.066915611996847,3.0844904552929107,3.101760577715788,3.118726328813447,3.1353891096649393,3.1517528961898034,3.167824691225315,3.183614397783603,3.1991346030508594,3.2143994802460787,3.229422984365831,3.244218719133928,3.258801476153249,3.2731880681552052,3.2873972799406377,3.3014497296565404,3.315367130788755,3.3291698036814066,3.3428741500032713,3.35649345248049,3.370040608596678,3.383529465995593,3.3969748798133157,3.410392286197402,3.423795777255445,3.4371947103243534,3.450591231479481,3.4639802534232595,3.4773518342320657,3.4906943024899912,3.5039958279633154,3.5172445633842218,3.53042850570012,3.5435356726271015,3.55655539299551,3.5694795435399853,3.5823015846450987,3.595014816843191,3.6076117983046063,3.6200850686248094,3.6324287370658723,3.6446386489943627,3.656710653949408,3.6686396616457175,3.6804207761211782,3.6920506018294073,3.7035263633123345,3.7148441718620355,3.725999043478311,3.736986491300526,3.747802991741832,3.758444375227037,3.7689046522236023,3.779177164352134,3.7892576581245345,3.799146551071427,3.8088477777374665,3.818365441731438,3.827701490250719,3.8368551185142383,3.8458227634901774,3.8545990815782947,3.863179755812629,3.8715644309931205,3.879757870355568,3.887769984471288,3.8956157588084097,3.9033141915517096,3.9108837789467015,3.9183358768812853,3.9256715557226056,3.9328835890884912,3.9399606997660896,3.94689191236517,3.9536693835956944,3.9602878396627923,3.966741389963527,3.9730209272631276,3.979113368950062,3.985002266052775,3.990670249782487,3.9961021395192664,4.001285630243671,4.006209669077903,4.0108632350647015,4.015235423737829,4.019316816064787,4.02310079607905,4.026582162809579,4.029753832777641,4.032605459290341,4.0351254758783845,4.0373033580897815,4.039129514525589,4.040595417839779,4.041695253705249,4.042426855287573,4.042791894891355,15,Male,45,124,178,89
4.0428096130748505,4.042512682159664,4.041903559326709,4.040996257252426,4.039807949791395,4.03835829050757,4.036667423161214,4.034754055853932,4.032636226785038,4.030333660589267,4.0278690845768805,4.0252683293194,4.022559147295311,4.019767833231252,4.016915356025609,4.014015573607952,4.011075308214316,4.008095514048807,4.005072741502573,4.002000134600209,3.998868733531182,3.9956688961955376,3.992390840896869,3.9890242100735205,3.9855567338941835,3.981973550412955,3.9782588855389593,3.9743987544432517,3.970382408995001,3.9662018182418204,3.9618494107243833,3.9573156590212952,3.952588933342164,3.9476576793749127,3.942511745947009,3.9371409010001264,3.931532638405356,3.925671574294236,3.9195408602619937,3.9131245708687294,3.9064085937102604,3.899380253550342,3.8920291270868455,3.8843484455646786,3.876335612723029,3.8679922599276697,3.859324302867512,3.8503419950696003,3.8410599960553333,3.8314973639791727,3.8216768618477444,3.8116235432092154,3.80136367098787,3.7909237112900525,3.7803289138740146,3.769602477895062,3.758765521955185,3.7478369404325838,3.736832352761223,3.7257627263101556,3.7146334632443296,3.7034435447750242,3.692185860721761,3.680849449317579,3.6694214182812,3.657887986407997,3.646235937126568,3.6344533740606804,3.6225287051149553,3.6104495344539216,3.5982024793874756,3.5857732641175004,3.57314689012344,3.5603087236363637,3.547246876246209,3.5339535842864938,3.520423987862433,3.506655057335456,3.492646052613628,3.4783981644853377,3.463913220375202,3.4491931291609945,3.4342399475505307,3.419055987775276,3.4036439202970508,3.388006879192352,3.3721485688120647,3.3560733718750577,3.3397864589285096,3.323293899103352,3.3066027721023414,3.289721281345012,3.2726588681885835,3.2554263271355595,3.238035921927577,3.220501502425081,3.202838622123949,3.1850646562917393,3.1671989201706716,3.1492627885424542,3.1312798115719183,3.1132758424606357,3.095278822113709,3.0773172558717117,3.0594176429434548,3.04160228036213,3.0238875715787774,3.0062833798280653,2.988794182384307,2.9714204209183466,2.954158985914501,2.937004049201879,2.9199485881887774,2.902984764859441,2.8861027524124983,2.869289850232357,2.85253059794309,2.835808086127743,2.8191065997818483,2.8024140311916947,2.7857225792870404,2.769027458179565,2.7523246682321214,2.7356106814011953,2.7188842598737355,2.702146721034325,2.685399851544414,2.668644265034749,2.6518791197027825,2.6351022326496594,2.6183102406486873,2.601499413549305,2.5846671754339563,2.567812522733203,2.550934965518074,2.5340345155620803,2.517112980691491,2.5001742138657557,2.4832238750746143,2.46626999116863,2.4493226643381103,2.4323928003771975,2.4154915300373294,2.39863028111222,2.3818209002052777,2.3650757658452983,2.348407903574151,2.331831090370911,2.315359423139953,2.2990054496294627,2.2827776449321866,2.266679714562564,2.250712597116846,2.234877193877348,2.2191756991947087,2.203610943185274,2.1881840980121465,2.1728923483063514,2.1577279697494283,2.1426783369387943,2.1277260481041838,2.1128490199583143,2.098020869699694,2.083212535107069,2.068395050554554,2.0535416428701434,2.038628393701685,2.023634359076551,2.0085416816307844,1.993335678379005,1.9780043580107498,1.9625371373365041,1.9469244412015607,1.9311590173868678,1.9152370903936786,1.8991577764936096,1.8829208068651775,1.8665243004107017,1.849964920899236,1.833240379012307,1.8163518806022259,1.7993051270817562,1.7821102443826804,1.764780424109956,1.747329391505221,1.7297694924850775,1.7121116253442932,1.6943671002512282,1.6765504470644754,1.6586807655611353,1.6407808456826247,1.622875971093417,1.6049923619377213,1.5871537393474822,1.5693785289518223,1.5516806957951428,1.5340722245730432,1.5165644283265025,1.4991682116263667,1.4818941719510703,1.4647527401913711,1.447754076356906,1.4309070804984927,1.414218056236884,1.3976898362748469,1.381320963899161,1.3651060369248165,1.3490379706659923,1.333109963327547,1.3173160640972286,1.3016507488492746,1.286107652146545,1.2706790658291949,1.2553571981361626,1.240135383281175,1.2250076707415067,1.2099675250493376,1.1950077667763157,1.1801219992160419,1.1653056814241065,1.1505561849225359,1.1358718327084028,1.1212507505814966,1.1066913416630004,1.0921937900990228,1.0777608249943613,1.0633978636096755,1.0491127185674924,1.0349139622278307,1.0208087974625497,1.0068027442309657,0.9929000866867919,0.9791035827510409,0.965416059370534,0.9518442417340482,0.9384006805810083,0.9251027599268403,0.9119706889425485,0.8990240504763515,0.8862770136580652,0.8737350919792298,0.8613953275046171,0.849248843206805,0.8372831987137962,0.8254832778364323,0.8138314249912315,0.802307525401982,0.790889093742823,0.7795513607226474,0.7682673600266211,0.757008013361215,0.7457422312366012,0.7344376014508751,0.7230624788674184,0.7115880563454732,0.6999885020813275,0.6882409170526247,0.6763266779171556,0.6642324783700744,0.651949578956755,0.6394714242027482,0.6267915143841004,0.6139035543918604,0.6008029303466151,0.5874878328533919,0.5739602994720334,0.5602262324540848,0.5462937944762124,0.5321728182169051,0.5178753115076802,0.5034151639309743,0.4888087863148235,0.47407746541323487,0.4592484852968578,0.44435348820154374,0.42942592174239347,0.41449971527111706,0.3996091414808522,0.38478892449906243,0.3700743323475698,0.35550126478601907,0.34110637284420736,0.32692681901531295,0.3129978540123335,0.29934798631892284,0.2859960357278633,0.2729523440545287,0.2602208808625213,0.24779997939470522,0.2356828388161595,0.22385936013281166,0.21231892248993128,0.20105168864747336,0.190047124576272,0.17929140855781994,0.1687659636251018,0.15844735224803358,0.14830900363670696,0.1383257508102621,0.12847804208929114,0.1187520068177591,0.10913736173822279,0.09962642265092139,0.09021389755506826,0.08089569127230808,0.07166637450222835,0.0625173231242161,0.05343754485351261,0.044416370807546235,0.03544552885150812,0.026519772665040544,0.0176369586788301,0.008798096003514031,6.8724926964447165e-06,-0.008731664644178346,-0.017411663944098526,-0.026025265999192183,-0.03456143460108894,-0.043006480856133095,-0.0513463308035603,-0.05956886947634177,-0.06766414543351063,-0.07562296761552087,-0.08343577020802932,-0.09109142051515133,-0.09857568701001158,-0.10587065602784189,-0.1129566242708609,-0.11981744734075796,-0.1264459306580119,-0.13284398783470683,-0.13901909916966146,-0.1449819487822049,-0.15074591048809896,-0.1563264496505497,-0.16173969225310697,-0.1670018004366021,-0.17213008535671614,-0.17714411372929778,-0.18206591743806624,-0.18691984591287264,-0.19173153575276236,-0.19652547038304602,-0.2013223650802807,-0.20613709367285124,-0.21097749546248937,-0.21584575956971308,-0.22074124609793538,-0.22566213242397953,-0.23060668421785366,-0.2355746281387128,-0.24056767071767932,-0.24558947892750344,-0.2506456414612749,-0.25574363507786285,-0.26089276624997126,-0.2661034797991551,-0.27138525809888797,-0.27674472722157534,-0.28218639741804025,-0.28771407190941045,-0.29332984075149277,-0.2990326000304607,-0.3048183827643473,-0.3106812745887062,-0.31661452613468694,-0.3226119825123965,-0.3286688183074269,-0.3347812929820103,-0.3409452067325975,-0.3471528547291024,-0.35338972423739723,-0.3596333473586236,-0.3658568064988513,-0.37203591916134116,-0.3781542070072408,-0.3842018592416266,-0.39017276415256713,-0.3960640460079096,-0.4018762713623302,-0.4076129592088129,-0.4132808497545585,-0.4188898297904409,-0.42445157983502535,-0.42997858043748843,-0.4354839588267221,-0.4409812686600188,-0.44648313113230736,-0.451998577037102,-0.45753114386452876,-0.463079342988743,-0.46863801753673284,-0.47419886978892906,-0.4797504437986297,-0.4852785653392674,-0.49076821530679693,-0.4962067130030482,-0.5015860866052115,-0.5069024420261978,-0.5121528255962317,-0.5173316305444706,-0.5224286464197263,-0.5274300890607423,-0.5323210177279037,-0.5370873729180536,-0.5417173985943029,-0.5462014499742388,-0.550530577852342,-0.5546957169306481,-0.5586875894614168,-0.5624966888954686,-0.5661132524820018,-0.5695272365695816,-0.5727282943044865,-0.5757053005066392,-0.578444496627854,-0.5809273296893815,-0.5831307889920188,-0.5850303750549694,-0.5866037204915924,-0.587833480963721,-0.5887086203959635,-0.589223712321773,-0.5893766734933077,-0.5891673271684646,-0.5885985980969183,-0.5876777844935506,-0.5864162375034112,-0.5848297167939844,-0.5829397914467288,-0.580774302295923,-0.5783655845161848,-0.5757465565502137,-0.5729477295042315,-0.5699974498704219,-0.566923245694177,-0.5637522901417477,-0.5605113913897318,-0.5572264119959157,-0.5539208891592248,-0.550615551109564,-0.5473295324525232,-0.5440815033339457,-0.5408899022480237,-0.5377729308858579,-0.5347485944458349,-0.531834550364146,-0.5290471244784353,-0.5263998328955717,-0.5239026150169142,-0.5215617926274074,-0.5193797869176958,-0.5173542416132018,-0.515478231856144,-0.5137424127311437,-0.5121369012071771,-0.5106517738608979,-0.5092770635203452,-0.5080022099453992,-0.5068146456473104,-0.5056985977366064,-0.5046348623347756,-0.5036016410947761,-0.5025769188913568,-0.5015418543171289,-0.5004833568294237,-0.4993940860933196,-0.49827028298172177,-0.4971104498043425,-0.4959157218556052,-0.4946894580732646,-0.4934358569339504,-0.4921592852584454,-0.4908642389836241,-0.4895557312164438,-0.4882410135270159,-0.48693181216156695,-0.48564375341933846,-0.48439216475645097,-0.48318777895227294,-0.4820355108210644,-0.48093624272664437,-0.4798887296283066,-0.4788895628334136,-0.4779331305068902,-0.4770129117735231,-0.47612247910862837,-0.47525565294914646,-0.47440649276267177,-0.4735693086295488,-0.47273866739558884,-0.47190940004506937,-0.4710766083167407,-0.4702356723047955,-0.4693822553616007,-0.46851231368638413,-0.4676216714996881,-0.46670469241710955,-0.46575347796109456,-0.4647588804921003,-0.4637117337988527,-0.46260253778907123,-0.4614200668037613,-0.46015091428156907,-0.4587799552845763,-0.4572900372311862,-0.4556620425468484,-0.453876331373701,-0.4519150060413573,-0.4497653880614343,-0.4474225453622393,-0.4448883781497777,-0.4421692843977566,-0.439274531404152,-0.4362163640418404,-0.4330117461775739,-0.42968259242523554,-0.4262536168595479,-0.42275104225699667,-0.4192035546064079,-0.4156430279208223,-0.41210342610424905,-0.4086189019758639,-0.4052213487997228,-0.4019379023789336,-0.3987905571388917,-0.39579824144964554,-0.39297829785305166,-0.390345269891721,-0.38790998016102346,-0.38568213477846763,-0.38367382283867396,-0.3818997561333228,-0.3803747615976,-0.37911197964308657,-0.3781234501312304,-0.377421507174032,-0.3770188911190819,-0.3769274302622822,-0.3771572165420815,-0.37771757528843003,-0.37861767171073357,-0.3798641216899694,-0.3814569823208757,-0.3833887066798964,-0.385647403999356,-0.38822037245031227,-0.39109449038227995,-0.39425393098222683,-0.39767770042168504,-0.4013387988037802,-0.4052053479622416,-0.4092433992737038,-0.4134202509614961,-0.4177066354282871,-0.42207738768305586,-0.42651108981633434,-0.43098875503045864,-0.4354928665372997,-0.44000821985345157,-0.4445226840906167,-0.4490261844158132,-0.453510064542903,-0.45796883771250707,-0.4624027431005867,-0.4668182890897277,-0.47122608555659623,-0.4756373221753283,-0.4800601683015442,-0.48449727945846366,-0.48894588371789394,-0.4934001587613937,-0.4978535141549538,-0.5022994046813027,-0.5067313584086004,-0.5111429385808838,-0.5155277158278286,-0.5198792382725301,-0.5241910022970867,-0.5284564234594257,-0.5326688077334567,-0.5368213231051598,-0.5409069715773178,-0.5449185616431468,-0.5488486812698952,-0.5526896715190391,-0.5564336005689521,-0.5600722394223916,-0.5635970344012693,-0.5669990961836338,-0.5702690390577912,-0.5733957734595214,-0.5763641455000902,-0.5791539531359983,-0.5817417046891799,-0.5841027209928172,-0.5862118151334874,-0.5880440158523059,-0.5895775035835562,-0.5907972473855908,-0.591695957318067,-0.5922726941644576,-0.5925310678141864,-0.5924779471764832,-0.5921225192958453,-0.5914755828773002,-0.5905506285284101,-0.5893660869979098,-0.5879457677426412,-0.5863176625638534,-0.5845137790238019,-0.5825702221209145,-0.5805243754882361,-0.57841013681441,-0.5762550218096409,-0.5740807226989068,-0.5719057248227328,-0.5697470623201006,-0.5676196905609219,-0.5655355263116099,-0.5635042796757199,-0.5615352860877021,-0.5596393007827146,-0.5578292441126619,-0.5561197159149097,-0.554526534275423,-0.5530654503976741,-0.5517498173404022,-0.5505893824439716,-0.5495908426513673,-0.5487584588337067,-0.5480936520508425,-0.5475952166226893,-0.5472608823419622,-0.5470892351912192,-0.5470807855148141,-0.547236062457434,-0.5475518784340292,-0.5480202347894116,-0.5486303691071132,-0.5493706591001626,-0.5502291289521719,-0.5511939660852477,-0.5522554528416669,-0.5534086429895647,-0.5546548806284638,-0.5560013542477195,-0.5574588823417286,-0.5590393226815779,-0.5607542773844737,-0.5626149180683184,-0.5646318461517942,-0.5668141028867029,-0.5691678410224832,-0.5716965174074126,-0.5744022819181538,-0.5772864584951993,-0.5803481081173633,-0.5835816647241953,-0.5869765032474095,-0.5905190202862836,-0.5941944860635056,-0.5979870368043622,-0.6018788291619915,-0.605851264355861,-0.6098886710907998,-0.6139803342836272,-0.6181188876993616,-0.622297659058283,-0.6265093316819946,-0.6307457222975038,-0.6349977680843578,-0.6392554951660343,-0.6435079925933408,-0.6477433836694835,-0.6519488037393775,-0.6561103578308807,-0.6602133699344733,-0.664243554491427,-0.6681880857832518,-0.6720348945286518,-0.6757712742370621,-0.6793833512501937,-0.6828555610747465,-0.6861692616878755,-0.689302018943918,-0.692228709428698,-0.6949234264958633,-0.6973619259315917,-0.6995241832551118,-0.7013956926449949,-0.7029675219247433,-0.7042353760293636,-0.7051982418482159,-0.705858499091975,-0.7062230929817768,-0.7063032420196635,-0.7061132865530388,-0.705671147050125,-0.7049993985714315,-0.704124642075256,-0.7030761273562122,-0.7018843658561429,-0.7005779737882095,-0.6991801819082649,-0.6977086896881896,-0.6961779888660509,-0.6946009155949332,-0.6929889903761488,-0.6913532267587187,-0.6897063273334565,-0.6880643040948727,-0.6864453124936696,-0.6848673444576502,-0.6833471679479552,-0.6819002106797856,-0.6805407900149575,-0.6792832249134564,-0.6781430440072288,-0.6771364906905467,-0.6762791435060603,-0.6755849457777456,-0.6750652984220563,-0.6747294552925773,-0.6745862699566538,-0.6746445496495055,-0.6749121436447737,-0.6753949240021733,-0.6760947330017851,-0.6770075152702857,-0.6781241660088507,-0.6794328624159984,-0.6809204106074169,-0.6825734022340236,-0.6843807746931214,-0.6863372145975528,-0.6884452114064726,-0.690713774661001,-0.6931557942769097,-0.6957874732850989,-0.6986281482647316,-0.7016982288771711,-0.7050175950170237,-0.708606314020713,-0.7124854970095172,-0.7166758541355303,-0.7211949744681327,-0.7260556499612579,-0.7312655514837557,-0.7368278751759954,-0.7427427689809459,-0.7490084109208797,-0.7556210783117723,-0.7625743169437148,-0.7698585820234917,-0.777463683869093,-0.7853823208780868,-0.793610558236566,-0.8021453864527204,-0.8109821658326601,-0.8201126392386074,-0.8295237145083544,-0.8391980539280012,-0.8491153871732372,-0.8592529685072062,-0.8695855228838563,-0.8800851782744823,-0.8907214196768353,-0.9014616699106138,-0.9122732656396089,-0.9231253270418321,-0.9339886205087767,-0.94483453458909,-0.9556339598873319,-0.9663557326185656,-0.9769657310810372,-0.9874279581829082,-0.9977082273268606,-1.0077787447979665,-1.017619792913139,-1.027217913629056,-1.0365634461394242,-1.045648553807048,-1.0544660930204655,-1.0630103096026098,-1.071277677986554,-1.0792659560969238,-1.0869733556336796,-1.0943995225117795,-1.1015466799621605,-1.1084192231169419,-1.1150221974178296,-1.1213600634567322,-1.1274356078297876,-1.1332485195464124,-1.1387953945710085,-1.1440719890431155,-1.149075568720363,-1.1538060231473912,-1.15826700401972,-1.1624670984735685,-1.1664193420520241,-1.1701397822966342,-1.1736468405628726,-1.1769604791770991,-1.18009913425582,-1.1830760998775343,-1.1858986778000626,-1.188569595994362,-1.1910887382914443,-1.1934537400106398,-1.1956595027615997,-1.1976984875609282,-1.1995616433513232,-1.2012394493510599,-1.2027233763460836,-1.2040068607420245,-1.2050852748695235,-1.205954893742752,-1.2066114191605959,-1.207048946244968,-1.2072589983984183,-1.207230839900757,-1.2069550475454174,-1.2064278048717516,-1.205651743414599,-1.2046337878471554,-1.2033833543646075,-1.2019119243533771,-1.2002330520333007,-1.198362369242682,-1.1963175931712098,-1.194118533871671,-1.1917871035915544,-1.189347322607048,-1.1868253413401793,-1.1842493337497269,-1.1816484271129748,-1.1790502213263638,-1.176478630017113,-1.173954291156402,-1.1714968644957884,-1.1691257889406559,-1.1668586716262082,-1.164710852442794,-1.1626974842428384,-1.160835031067497,-1.1591399983787158,-1.1576267652577497,-1.1563077897491962,-1.1551953368244896,-1.154301629874166,-1.1536379088074393,-1.1532134270959187,-1.153033989800638,-1.1531008938405227,-1.153410719301987,-1.1539554722985628,-1.1547236859080108,-1.155702928387296,-1.156881935693004,-1.158250168438435,-1.159795268716843,-1.1615008921062064,-1.1633459974089755,-1.1653051646184807,-1.1673502670821563,-1.1694535928352425,-1.1715914745384055,-1.1737468829902846,-1.1759091403809012,-1.1780715947653784,-1.180230059803751,-1.1823825183596701,-1.1845291219552936,-1.1866721582248696,-1.188816140122316,-1.1909686853723804,-1.1931418321568887,-1.1953521412849208,-1.1976201531005275,-1.1999695299361193,-1.202424051670265,-1.2050037426576041,-1.207722223918917,-1.2105858446076063,-1.213595977202931,-1.2167530519928598,-1.2200589078681898,-1.2235172465403306,-1.2271335894600768,-1.2309146719329767,-1.2348670307884906,-1.2389964001244658,-1.2433080920552553,-1.2478058510149723,-1.2524895681627217,-1.2573549789887377,-1.262395754883297,-1.2676048110204605,-1.2729729699876373,-1.2784879177701458,-1.284135839167087,-1.289903307576095,-1.2957765708142253,-1.3017392159462333,-1.3077716713962926,-1.313853254284309,-1.3199640280319342,-1.3260852642944285,-1.3321994049284993,-1.3382900469117773,-1.3443425007180472,-1.3503451454725288,-1.3562898915086612,-1.362170929456255,-1.3679836625302484,-1.3737252894625556,-1.3793961421750403,-1.3849998279560858,-1.3905428257648265,-1.3960346832302293,-1.4014865853561569,-1.4069086881429285,-1.4123097275590626,-1.4176983319007193,-1.4230833170740924,-1.4284720632836891,-1.4338677833589464,-1.4392680454049365,-1.444666088645951,-1.4500534773776885,-1.4554217340853335,-1.460762654738811,-1.4660682622894299,-1.4713307856740272,-1.476542548332909,-1.481695129846631,-1.4867779471680658,-1.4917781170897575,-1.4966817539631732,-1.5014750070040948,-1.5061453760219923,-1.5106840140652906,-1.5150865789013213,-1.51935138031934,-1.5234769638564811,-1.5274601735719509,-1.531295066985448,-1.5349736565814673,-1.5384872329806885,-1.541826796449448,-1.544983035020152,-1.5479463031577165,-1.5507066097078313,-1.5532535492655273,-1.555575548556214,-1.5576585261124616,-1.559486530466699,-1.5610453996292044,-1.562326075298277,-1.5633248742029489,-1.564042076540355,-1.5644810731213021,-1.5646482834061521,-1.564552903153532,-1.5642057236206293,-1.5636179975775626,-1.562802433274507,-1.5617758515686373,-1.5605606533851246,-1.5591830130627464,-1.5576683005821963,-1.556036734728048,-1.5543020495579827,-1.5524732742029292,-1.5505573811773594,-1.548560693303762,-1.546489119247682,-1.5443481519228086,-1.5421428851828627,-1.5398780262923146,-1.5375579102480255,-1.535186514259698,-1.532767472916786,-1.5303040933932905,-1.5277993724295849,-1.5252560094249854,-1.5226764323116901,-1.5200624436842698,-1.517413945279648,-1.514728034462842,-1.5119999185012876,-1.5092242392630493,-1.5063954776901471,-1.5035079735085868,-1.5005559065682443,-1.4975325489242735,-1.4944280470993339,-1.4912269663528035,-1.4879080538992195,-1.4844464675159106,-1.480816548533936,-1.4769950363687865,-1.4729650128309257,-1.4687179528760437,-1.464252936118966,-1.459574851682159,-1.454692941269786,-1.4496195262060607,-1.4443674572714904,-1.4389482288066524,-1.433373707619128,-1.427658307026455,-1.4218184422997386,-1.4158713040671875,-1.4098345267810146,-1.4037254931827168,-1.3975592331162328,-1.3913467366072214,-1.3850960397984202,-1.378814500380805,-1.372508904777019,-1.366183487739263,-1.3598397961840543,-1.3534796216948661,-1.347106924025798,-1.340727293257216,-1.3343473413486862,-1.3279746931895813,-1.3216180366866648,-1.315287164734256,-1.3089925758617724,-1.302743685873875,-1.2965461904776099,-1.2904010298775714,-1.284306076101345,-1.2782581762772822,-1.2722532482494961,-1.2662862016970777,-1.2603521409151226,-1.2544465234731572,-1.2485629892865946,-1.2426910667371176,-1.2368163451843412,-1.2309227373479772,-1.2249937567173976,-1.2190121782227026,-1.212960563340785,-1.2068229937448032,-1.2005873295501,-1.194247589147504,-1.1878042041125865,-1.1812618846405871,-1.1746283769612278,-1.1679154576060058,-1.161139666001422,-1.1543212558225744,-1.1474830356888313,-1.1406501385557113,-1.1338500220454064,-1.127111500707788,-1.1204615690895592,-1.1139216011700774,-1.1075063317025104,-1.1012251340061778,-1.0950831335488722,-1.089082421923872,-1.0832235447662295,-1.0775065485115112,-1.071931953049104,-1.0665009617551682,-1.0612150548247663,-1.0560764060417234,-1.0510879242412143,-1.046252906508894,-1.0415754903101209,-1.037059926657624,-1.0327082856063068,-1.028519004431044,-1.0244866585347177,-1.0206020771943565,-1.0168533134807871,-1.0132279405162474,-1.0097144589423848,-1.0063010804950199,-1.0029745242942116,-0.999720388710187,-0.9965227715270971,-0.9933631642677984,-0.990221273325946,-0.9870776530496822,-0.9839161185488219,-0.9807256333114371,-0.9775012724207759,-0.974243340994094,-0.9709555648905995,-0.9676433188477167,-0.9643124118877806,-0.9609688386866818,-0.9576195198688411,-0.954273795823564,-0.9509445320676259,-0.9476482455050365,-0.944404082023481,-0.9412314014850297,-0.9381474039200955,-0.9351661725386312,-0.9322988157074599,-0.9295548753174572,-0.9269446910159245,-0.9244800185085069,-0.922172038984313,-0.9200294108653255,-0.9180581522875532,-0.9162634431649247,-0.9146523319638832,-0.9132354538409939,-0.9120273816092651,-0.9110459474241133,-0.9103101279093223,-0.9098373646097188,-0.9096414375818404,-0.909730873463731,-0.9101088078837091,-0.9107743108211283,-0.9117233265018397,-0.9129487810258627,-0.9144407531052958,-0.9161878097548446,-0.9181793496608045,-0.92040627745668,-0.9228590310641414,-0.9255255748470701,-0.9283907993972016,-0.9314364934008038,-0.9346413473843646,-0.937981995156618,-0.9414363356030394,-0.9449868333107596,-0.9486208655064552,-0.952329095197213,-0.9561037902510712,-0.9599384296076562,-0.9638281266823195,-0.967769120355862,-0.9717579404885034,-0.9757913978403628,-0.9798675896649051,-0.9839873719074219,-0.9881548638222294,-0.9923760536264927,-0.9966564150981069,-1.0010003811071502,-1.0054133788079325,-1.0099032974617643,-1.014479182051556,-1.0191480118508467,-1.023911597226364,-1.0287660881292815,-1.0337050883504764,-1.0387234765660311,-1.0438190169794384,-1.0489917896474972,-1.0542426556159064,-1.059572198853486,-1.064980530452594,-1.0704671102468086,-1.0760297179681257,-1.0816629187550701,-1.0873572389370467,-1.0930990376452878,-1.09887076028617,-1.1046524242125146,-1.1104242508139146,-1.116168604324737,-1.1218700677178146,-1.1275136059836794,-1.1330818334939,-1.138553309053178,-1.1439027653510232,-1.149103200730507,-1.154129231704779,-1.1589606115970383,-1.1635841342444542,-1.1679925531169144,-1.1721821038141174,-1.176150398403694,-1.179894956896125,-1.1834131445851104,-1.1867024639990889,-1.1897600781796418,-1.1925832676472778,-1.19517079815992,-1.1975235501646062,-1.1996445302716556,-1.2015388512762808,-1.2032128252294843,-1.2046707659925509,-1.2059115166649903,-1.20692839161849,-1.2077121090353684,-1.208253760625244,-1.2085462409145593,-1.2085844919167534,-1.2083654986137766,-1.2078882005966705,-1.2071524555113318,-1.2061567620155982,-1.2048968520993681,-1.203366214429951,-1.2015570494315908,-1.1994614863228719,-1.1970730484935455,-1.1943873446166404,-1.1914017896307616,-1.1881139635328872,-1.1845193656282091,-1.1806113838103696,-1.1763835634347113,-1.1718313268844653,-1.1669517510770522,-1.1617415631301928,-1.1561952696457016,-1.150305963772777,-1.1440677204244583,-1.1374769198258892,-1.1305325676846951,-1.1232373882058646,-1.115600183592188,-1.1076370758722072,-1.0993699616707782,-1.0908243653505176,-1.082028682647084,-1.0730138889738003,-1.0638123896078207,-1.054456654469722,-1.0449783193289324,-1.0354069085676876,-1.0257685547172202,-1.016086163955831,-1.0063813941982214,-0.9966761373064605,-0.9869906322612201,-0.977340693811984,-0.9677376555131317,-0.9581901187412649,-0.9487056098756496,-0.9392908559641896,-0.9299515841405442,-0.9206941462373479,-0.9115276489981194,-0.9024636486620077,-0.8935139460274871,-0.8846895920478322,-0.8760016728613537,-0.8674619702936431,-0.8590826825912583,-0.8508751793655721,-0.8428486929154037,-0.8350099154208626,-0.8273630514286475,-0.8199098788123466,-0.8126497554494007,-0.8055790464517344,-0.7986905094726591,-0.7919743107622781,-0.785418788075754,-0.7790088654309987,-0.7727251956454707,-0.7665453994372637,-0.7604450121379118,-0.7543980155091633,-0.7483794840674918,-0.7423708413696637,-0.7363639633952397,-0.7303611144541337,-0.7243723904718105,-0.7184133885488224,-0.7125029676923602,-0.7066605897265452,-0.7009050973334414,-0.6952557421361282,-0.6897334854110817,-0.6843613171474895,-0.6791636025772008,-0.6741645880854389,-0.6693864543455028,-0.6648469922392259,-0.6605591426078662,-0.6565345898570674,-0.6527873869403367,-0.6493332905924395,-0.6461865769938672,-0.6433579502345658,-0.640854643372423,-0.6386806559244644,-0.6368363082299267,-0.635318949495683,-0.6341243391489173,-0.6332471714076814,-0.6326810932461298,-0.6324187123115074,-0.6324516028637346,-0.632770311617342,-0.6333643552312411,-0.6342222444941431,-0.6353313313162954,-0.6366761937451911,-0.6382358669914763,-0.6399836344545277,-0.6418897124017805,-0.6439230725117453,-0.6460516666737331,-0.648242389850706,-0.6504610899389438,-0.6526725348591009,-0.6548410243758731,-0.6569331906832981,-0.6589220829836757,-0.6607896143593934,-0.6625266152126981,-0.6641314510719658,-0.6656081481168697,-0.6669640364844339,-0.66820772493542,-0.6693489800250447,-0.670398946163273,-0.6713696914998786,-0.6722745074194291,-0.6731278654964065,-0.673944094717616,-0.6747364292763399,-0.6755168615067257,-0.6762963386404149,-0.6770860785110887,-0.6778999277484747,-0.6787547582770571,-0.6796672758300927,-0.6806513039650168,-0.6817191874852124,-0.6828840735349911,-0.6841595089836967,-0.6855581211547255,-0.6870911875480629,-0.6887679946902792,-0.6905937269672946,-0.6925668744768264,-0.6946786371882081,-0.6969149602969713,-0.6992590738097176,-0.7016926622336668,-0.704196000419317,-0.7067479286086048,-0.7093258447781755,-0.7119056926480136,-0.714461950959204,-0.716967623070849,-0.7193942266087673,-0.7217117855734082,-0.7238888194554592,-0.7258927452833691,-0.7276920977349103,-0.7292605653663674,-0.7305794835510321,-0.7316371875429415,-0.7324277300569966,-0.7329498394120443,-0.7332048177162873,-0.7331947080075796,-0.7329223930644801,-0.7323915718413098,-0.7316055866881692,-0.7305674147002553,-0.7292810228799058,-0.7277524501904592,-0.7259907672143838,-0.7240081768102128,-0.7218181055720527,-0.719433159866749,-0.7168644767358732,-0.7141217178609403,-0.7112130897777537,-0.7081458266398015,-0.7049275631158853,-0.7015670978722024,-0.6980733649287186,-0.6944542283137174,-0.6907162045444755,-0.6868644977759594,-0.6829030346115369,-0.6788343900875526,-0.6746589324947981,-0.6703734991619495,-0.6659714487356865,-0.6614442568148966,-0.6567834363600723,-0.6519821361391775,-0.6470359244831309,-0.6419422864731048,-0.6366982240258656,-0.6312974521371878,-0.6257293327792613,-0.619979322985647,-0.6140303759739866,-0.607864289927498,-0.6014621962158515,-0.5948058599147458,-0.5878812390688924,-0.580681564396781,-0.5732067976670857,-0.5654614227943183,-0.5574539860437284,-0.5491974739153586,-0.5407078897673026,-0.5320020476154504,-0.5230966282089083,-0.5140083572897647,-0.5047554499230619,-0.49535999992482616,-0.4858489772276952,-0.47625318725635735,-0.4666047517804336,-0.45693315326574957,-0.4472625437642274,-0.4376127532603901,-0.4280020409089577,-0.4184487962261399,-0.40897193750067895,-0.3995909642169272,-0.3903260215813718,-0.3811979599140228,-0.37222839519926804,-0.363439764231776,-0.3548553938548613,-0.3464994182202703,-0.33839563765819036,-0.3305652476296585,-0.3230256995766376,-0.31579139534873946,-0.3088746704261001,-0.30228711152760956,-0.29604066716256283,-0.2901465809635156,-0.28461276054836687,-0.27944246893957303,-0.2746357965077641,-0.270191798212451,-0.2661081520205635,-0.2623795119995836,-0.2589974505376159,-0.2559506961565376,-0.2532247961254772,-0.25080340262590883,-0.24867059584208095,-0.2468121863816588,-0.2452168343886119,-0.24387737262944956,-0.2427903857953141,-0.24195346929660144,-0.24136214785724358,-0.24100919488189132,-0.24088628704118267,-0.24098509012549266,-0.2412985511211278,-0.24182397777288067,-0.24256431360835493,-0.24352573856223056,-0.24471404066589963,-0.2461322661913158,-0.24778127293385824,-0.2496612976552801,-0.25177108613253063,-0.2541056118198816,-0.256655781023608,-0.25941065442093036,-0.26235988377008296,-0.2654947180925468,-0.2688080820572588,-0.2722945581476015,-0.2759501255582727,-0.27977069799048543,-0.2837494422289311,-0.28787505972183575,-0.29213243443456305,-0.29650397888749486,-0.30097056057140437,-0.30551284708945675,-0.31011259389526585,-0.3147535922413542,-0.31942298390805607,-0.32411104647588784,-0.32880857772735417,-0.3335053424455822,-0.33819027000686497,-0.34285109675821895,-0.34747443040803083,-0.35204720384193255,-0.35655874162091894,-0.3610031777502426,-0.36538034859068486,-0.3696939677562278,-0.3739494974328512,-0.3781534184094849,-0.38231317834240064,-0.38643676442960145,-0.39053135635446967,-0.39460242921601946,-0.3986546724178129,-0.4026932396265416,-0.40672408376974967,-0.4107538691738337,-0.41478923891891945,-0.41883538240654955,-0.4228957256278398,-0.42697309593776933,-0.43106968216330305,-0.4351848496644872,-0.43931401008870774,-0.44345117660675504,-0.44759241604791666,-0.4517363332956515,-0.45588269716093704,-0.4600317249541149,-0.4641840146290543,-0.46834052237277973,-0.47250253247136004,-0.4766716282224988,-0.48084966499738746,-0.48503872513703505,-0.48924047292263806,-0.49345410114705984,-0.49767438372344025,-0.5018924018424707,-0.5060978695374859,-0.5102804047169412,-0.5144296918391691,-0.518535325360125,-0.5225856677176935,-0.5265655016012663,-0.530454904650834,-0.5342311281784324,-0.5378721160677262,-0.5413598777164159,-0.5446826122360221,-0.5478349779668364,-0.5508164217174791,-0.5536288953358826,-0.5562768098118571,-0.5587687533635303,-0.5611177660407227,-0.5633403910788568,-0.5654556772560458,-0.5674837034227129,-0.5694444922401369,-0.5713585530962599,-0.5732481790150302,-0.5751365423878375,-0.5770440502995504,-0.5789861182579173,-0.5809745529682578,-0.5830197719080896,-0.5851316524037651,-0.5873195737042766,-0.5895923892696595,-0.5919584186296631,-0.5944250634220454,-0.5969970911683615,-0.5996739265802926,-0.6024483288018126,-0.6053078600207265,-0.6082375534560677,-0.6112214836233657,-0.6142430592742997,-0.6172849958544108,-0.6203293065161152,-0.6233572705171722,-0.6263495291924311,-0.6292869763715382,-0.6321520904805832,-0.6349288305584745,-0.6376012400498715,-0.6401526186722196,-0.6425654293360064,-0.6448213003146579,-0.6469010024191097,-0.6487847816211664,-0.6504540049149025,-0.6518938428561762,-0.6530951093680613,-0.6540546959286064,-0.6547749971019354,-0.6552619005004646,-0.6555221213060054,-0.6555617094232618,-0.6553857878453166,-0.654998552868537,-0.6544033598464886,-0.6536037069500109,-0.6526056562587941,-0.6514201319821337,-0.6500625562131451,-0.648549352311724,-0.6468944130957602,-0.6451089433814093,-0.6432042986133687,-0.6411949805848897,-0.6390994489364887,-0.6369397042004591,-0.6347421131947854,-0.6325382670844375,-0.6303635129576298,-0.6282536820494073,-0.6262414941545587,-0.6243542939969512,-0.6226147661767015,-0.6210432871866302,-0.6196592780507575,-0.618481290621738,-0.6175261041741605,-0.616807379605912,-0.6163357355291155,-0.6161201110731999,-0.6161688108113396,-0.6164907023214645,-0.6170964025431769,-0.6179974652332475,-0.6192034060188525,-0.6207188008486241,-0.622543036742699,-0.6246724877192572,-0.6271022971506371,-0.6298273432226127,-0.6328441794315177,-0.6361530575904586,-0.6397579697647686,-0.6436656631063774,-0.647884670172105,-0.6524246289923564,-0.6572966043785888,-0.6625129610234748,-0.6680859786416448,-0.6740270802339081,-0.6803477511831036,-0.6870605315764002,-0.6941774659437882,-0.7017072063006824,-0.7096533123817786,-0.7180132335728764,-0.7267785246178282,-0.7359373859742325,-0.7454777625586865,-0.7553885427756054,-0.7656584930768063,-0.7762749694092203,-0.7872241649771498,-0.7984924552721304,-0.8100667119528335,-0.8219330733478332,-0.8340766363393678,-0.8464825821924084,-0.8591360142499553,-0.872019533155045,-0.8851109700670734,-0.8983834132035781,-0.9118067789654001,-0.9253495985489731,-0.9389804485371511,-0.9526684914522092,-0.966383424340496,-0.9800953868777024,-0.9937744315971302,-1.0073890790595645,-1.0209049411106934,-1.034284823363486,-1.047490025246486,-1.060480886818745,-1.0732170148081948,-1.0856596857691485,-1.0977744612965712,-1.1095320388024608,-1.1209096012061077,-1.1318919295975698,-1.1424698983720762,-1.1526381520256048,-1.1623941227487498,-1.1717378941698977,-1.180672141666828,-1.189202065208991,-1.1973353236257422,-1.2050819771593952,-1.2124540074892463,-1.2194639248412944,-1.22612338069039,-1.2324427313342106,-1.2384315544056985,-1.2440993553889257,-1.249454633096564,-1.254503224666408,-1.259248371199452,-1.2636916399719045,-1.2678339690162774,-1.2716769972141457,-1.2752228286575615,-1.278471823100544,-1.2814212764064652,-1.2840659948757875,-1.286399225381659,-1.2884135981260811,-1.2901009984724292,-1.2914508492939079,-1.2924494523190282,-1.2930808257389699,-1.293327643519036,-1.2931726156128607,-1.2925997774332931,-1.2915948268831217,-1.2901444266442978,-1.2882340637126968,-1.2858454662272145,-1.2829552804561548,-1.2795350855447774,-1.275553464310066,-1.270980738375069,-1.2657928258771884,-1.259971947872382,-1.253506887166889,-1.2463930573753774,-1.2386306717186613,-1.2302227178827425,-1.2211743318544328,-1.2114928316309164,-1.201187782248487,-1.1902710601955404,-1.1787569246921927,-1.1666620736512174,-1.1540051151659783,-1.140804587697739,-1.127076444277694,-1.1128334810906895,-1.098087438242064,-1.0828515852159766,-1.0671410604069926,-1.0509708573300778,-1.0343545781622565,-1.0173060286295474,-0.9998413841124247,-0.981978880824105,-0.9637366570297292,-0.9451318716503303,-0.9261812531388234,-0.906900558343011,-0.8873037164988384,-0.8674037385474537,-0.8472137282034693,-0.8267460901270006,-0.8060113780558975,-0.7850180677542138,-0.7637727100744605,-0.7422800699181042,-0.7205432873527163,-0.6985639410838425,-0.6763413643295365,-0.6538714247117278,-0.6311466339007887,-0.608157667364574,-0.5848943974878106,-0.5613463538880947,-0.5375042270694356,-0.513362375753724,-0.48891995763819396,-0.46418035094662025,-0.43915039119351185,-0.41383922513998206,-0.3882571169435438,-0.3624151554471129,-0.33632542830158807,-0.31000119896688216,-0.2834570845622582,-0.25670924361091724,-0.22977550465832344,-0.2026747234272768,-0.17542468547554702,-0.14803976301539845,-0.12052993394096974,-0.09290082776391757,-0.065153938737215,-0.03728678368401069,-0.009293530418106377,0.018832322622287637,0.04709393162477067,0.07548963007203031,0.10401470154100277,0.13266276719068584,0.1614252618381775,0.19029167654337054,0.21925160586933012,0.24829623629993258,0.277417925386472,0.3066086033936735,0.3358590511816825,0.36515995709101395,0.39450361095966846,0.4238853078139259,0.4533032867101741,0.4827571884495062,0.5122470467601422,0.5417741552867559,0.5713432002548857,0.6009632345425505,0.6306468203594677,0.6604088909712067,0.6902649614732238,0.720227889556603,0.75030481266976,0.7804967737971618,0.8108007215996621,0.8412110632796417,0.871720431016466,0.9023214968710537,0.933009377039513,0.9637821324930003,0.9946385943574458,1.0255755674280582,1.0565863536464892,1.0876604790078401,1.1187845645804064,1.1499445742587615,1.1811279728075317,1.2123242262986975,1.2435233036600697,1.274713086664526,1.3058788212480184,1.3370061191935452,1.368083762934754,1.3991033074794963,1.4300575239296505,1.460939721837046,1.4917435336481608,1.5224626994258523,1.553090853148497,1.5836213112410957,1.6140468517125626,1.6443595671295794,1.6745515684299563,1.7046170027437422,1.7345534260071953,1.764361201433994,1.794042320271925,1.8235992406328287,1.8530342860603757,1.8823501460998366,1.9115506052609064,1.9406412901651788,1.969629288112565,1.998521214613039,2.0273228516502715,2.056040668497449,2.084681508194009,2.1132501029510182,2.141747244150641,2.170169256633163,2.1985078146263395,2.226749719728214,2.2548768675726567,2.2828678088470826,2.3107013142425137,2.3383585574264907,2.3658216566181975,2.393071398409711,2.4200871627124734,2.446848137521223,2.4733341305743313,2.4995269179340402,2.5254127165540994,2.550983664342924,2.5762365262200753,2.6011702770944494,2.6257854540118126,2.6500843400046095,2.674069779563057,2.697743759274959,2.721106919077984,2.744158401989683,2.766895676549302,2.7893144576517055,2.8114094974099895,2.833176814531192,2.854615983423303,2.8757310302908365,2.8965302073010246,2.9170245251045785,2.9372252672131376,2.9571428282426355,2.9767869797358397,2.99616642526564,3.0152889298249446,3.0341633307781346,3.052801244956876,3.0712173818427413,3.089428853748216,3.10745301637383,3.1253040429152255,3.1429898909791234,3.160511538172811,3.1778649493644284,3.1950443292435016,3.2120447112102344,3.2288629645666185,3.245497815967942,3.261949712684613,3.2782207285423284,3.2943142111396324,3.310233543622657,3.3259805715003585,3.341554831581653,3.3569537634876867,3.3721738869374245,3.3872120725481714,3.4020659112921603,3.416733628743978,3.4312145471698696,3.4455103424244595,3.4596248142137136,3.473560512182084,3.487315770333752,3.5008861084130447,3.5142678869429296,3.527459517694044,3.5404603205735765,3.553270477253551,3.5658921283638394,3.578329062773579,3.5905852123009447,3.602664102158182,3.6145699022114686,3.6263084504400154,3.6378864960211024,3.6493102451732122,3.660584771081207,3.671713946580475,3.682701446323003,3.6935540352835865,3.7042847387903217,3.7149124358195476,3.725458658041219,3.7359438082200427,3.746383597627879,3.7567872159178406,3.767158504446512,3.777498178878745,3.78780479355227,3.7980747696946557,3.808302296953662,3.8184795201813486,3.8285976392454315,3.838647972913291,3.8486212671172986,3.8585062524196823,3.868288622597144,3.8779500977297805,3.8874694126372074,3.8968259299317105,3.9060024684677486,3.9149859039602846,3.923767095304524,3.9323407721113113,3.940704614394225,3.948856887535784,3.9567938653829335,3.9645087634407017,3.971992694759634,3.9792369438589943,3.9862341825320002,3.9929778265787266,3.999461033905299,4.005675717577212,4.0116122853186695,4.01726041678345,4.022609953739651,4.027652203561453,4.032381248471853,4.036794325409866,4.040891222564156,4.044672861778416,4.048140716622755,4.0512979568869145,4.054150560679254,4.0567075225611005,4.0589808105531295,4.060985363202079,4.0627389343643605,4.064260927747326,4.065569863544141,4.066681065348858,4.067605802133049,4.068351222791341,4.068920350299156,4.069312090036831,4.069521555393348,15,Male,45,124,178,89
4.069544815168411,4.069369223615099,4.0689746876082955,4.0683476227834765,4.0674726943279484,4.066332456567656,4.064908453679195,4.063183846887163,4.06114471277212,4.058779029528941,4.056074109913743,4.05301546549039,4.049588772159287,4.045782229537329,4.041587346985186,4.0369990015427115,4.032015469514241,4.026638460843867,4.020873165646808,4.014728231868383,4.008214976176311,4.001345890347522,3.9941345275985145,3.9865970541333597,3.9787530741153625,3.970624590074958,3.962234713966416,3.953608317533985,3.9447732023761444,3.9357593149502494,3.926597325667191,3.9173182226119154,3.9079533651064846,3.8985346262455183,3.8890952112296184,3.8796703496190807,3.870295662229873,3.861003419624914,3.8518189229651725,3.8427591689129375,3.8338336619990727,3.8250455368440166,3.8163930848760437,3.8078713433467954,3.7994726775950833,3.7911868505092703,3.7830010915042087,3.7749001661720603,3.7668664323915673,3.758880027358041,3.7509201173077305,3.742967738394241,3.7350082262179174,3.7270306903372576,3.7190255557803322,3.7109836978633224,3.7028969427773455,3.6947571895582345,3.6865550232015,3.6782793524870856,3.669917473199236,3.6614552167671204,3.6528779220871854,3.644172030407591,3.635325154106118,3.6263248514286075,3.6171589681031766,3.60781724840623,3.5982925325612527,3.588582267045716,3.578689634734517,3.5686221222322616,3.5583886067000683,3.54799763664722,3.537457159779955,3.5267746155126147,3.515956994384401,3.5050110723813246,3.493944567587616,3.4827676740970146,3.4714925398650442,3.4601305221685044,3.44868992499657,3.4371753870106048,3.4255884460559654,3.4139291426981986,3.402197569840517,3.390395073433902,3.378525889375104,3.366597521297251,3.3546183426155314,3.34259390737462,3.3305241843767694,3.318402832011648,3.306218709047325,3.2939592428676,3.2816142040095024,3.269177127170248,3.2566430481564543,3.2440068605580974,3.231265613615409,3.2184197928465097,3.205469978469971,3.1924129370092054,3.179241248680764,3.1659457827745956,3.1525173439583307,3.138946394019568,3.1252239561524764,3.1113445988671247,3.097308001392404,3.0831168208492743,3.0687743486176444,3.0542852062950177,3.039656855118744,3.0249000079341246,3.0100277898353056,2.995053409952361,2.9799884751236614,2.9648435357924443,2.949629263509758,2.9343578922641584,2.919044957221262,2.9037097887183623,2.8883734036152617,2.8730541623691224,2.8577649496802375,2.8425139210197,2.827306047279405,2.8121443598211284,2.7970315986587373,2.781970568227107,2.7669627888889328,2.7520075794342334,2.737102041844776,2.722241191516742,2.707418072401581,2.6926238700383323,2.6778484791475714,2.6630826031077897,2.648320263554232,2.633558536994961,2.618795148038413,2.604027776612179,2.5892554535555585,2.5744788767160087,2.5596990452333443,2.5449163642595574,2.5301306366881176,2.5153411916945676,2.5005469950628423,2.4857467652276566,2.4709390913008575,2.456123085810657,2.441300005315478,2.4264741291054635,2.4116523722083163,2.3968447543502456,2.3820654733742246,2.367332957193525,2.3526678292623555,2.338089913625817,2.323617754565001,2.309270182251051,2.2950671837991927,2.281030047954173,2.267181459144831,2.25354501229284,2.240142469869575,2.2269886487892054,2.214087776350962,2.201434260761631,2.1890153999877486,2.1768128021680258,2.164802625194431,2.152955882558202,2.1412400656650217,2.1296218337007318,2.1180680713491604,2.1065455504479926,2.095021433957461,2.0834633520111554,2.0718398647921403,2.060124055189059,2.048296893304768,2.0363457074038425,2.024260142380769,2.0120309383280675,1.9996512013510928,1.9871160312869627,1.9744198139601323,1.961554254789053,1.9485095122526186,1.9352772625215537,1.9218528588781159,1.9082352973997203,1.8944251166560206,1.8804223035810514,1.866226439583583,1.851837867228588,1.8372590200253327,1.8224960213187504,1.8075584137344218,1.792456804331559,1.777201767498911,1.7618047526616751,1.7462792556302784,1.7306424199912533,1.7149166444128432,1.699130136766275,1.6833162880755583,1.667511341640037,1.6517506745880128,1.6360649063431643,1.6204770323403639,1.605001527816258,1.589645715518258,1.5744127619898165,1.5593042232664944,1.5443209452653848,1.5294632123614114,1.514730344268137,1.500118737590262,1.485619674803107,1.4712200072335773,1.4569048550606023,1.4426593474317984,1.4284699154766898,1.4143258942011538,1.4002195501508419,1.3861446620215214,1.3720957612885432,1.358068180872134,1.3440577747732456,1.330059595561916,1.3160664881691642,1.3020687353485316,1.2880548323921148,1.2740132091161713,1.2599336007379864,1.2458075428584763,1.2316294454009977,1.2173981997879502,1.2031171481538252,1.1887926728349907,1.1744331521398668,1.1600476781394984,1.1456445898386909,1.1312309738101702,1.1168127527899059,1.1023948346476071,1.0879818606915186,1.073579162139328,1.059192574395152,1.0448285326345068,1.0304956299127688,1.0162056024111605,1.001972221387495,0.9878082491423856,0.9737218196704212,0.9597145248951922,0.9457822409835597,0.9319167529840067,0.9181069740750221,0.9043412304156283,0.8906095265504838,0.876902012481546,0.8632040715540805,0.8494932653008611,0.8357406447984222,0.821913590077244,0.8079784231294863,0.7939032016090017,0.7796589229947355,0.7652192046620323,0.7505612228375181,0.73566731406145,0.7205249800286292,0.7051247741270976,0.6894574744217832,0.6735125921948386,0.6572783338304158,0.6407428386056382,0.6238970222021016,0.6067371638681407,0.5892646280708994,0.5714831860968279,0.5533967556882219,0.5350092179267851,0.5163259687689072,0.4973550397761006,0.478106785442053,0.45859417467482766,0.43883313559067383,0.41884147250918635,0.3986387287204194,0.378247635621001,0.35769426224886763,0.3370066312424967,0.31621399544812545,0.2953462780146419,0.27443117212581625,0.25349016961104787,0.23253746791242833,0.21158164453801304,0.19062846842203046,0.16968396587664542,0.14875543851350884,0.12785036719017262,0.10697620904568408,0.08614085796083405,0.06535107101343796,0.04461038152490188,0.02391978859722971,0.0032807771096490467,-0.017302205635879007,-0.0378209169398897,-0.05826366951526987,-0.07861728803770246,-0.09886993854641163,-0.11901269406812053,-0.13903977731246553,-0.15894928708825276,-0.17874457184158624,-0.19843411364886748,-0.21802985873191746,-0.23754614267608973,-0.25699915315170613,-0.2764051181046579,-0.29577717972320955,-0.31512307141351564,-0.334444414726402,-0.3537371702960081,-0.3729930618491579,-0.3922008268033252,-0.41134720395510677,-0.43041844249032846,-0.44940114652241675,-0.4682810794604969,-0.4870401978433656,-0.5056542206568755,-0.5240931749544726,-0.5423241472303912,-0.5603138277953054,-0.5780309548389696,-0.5954497532231107,-0.6125532264270938,-0.6293340573801506,-0.6457923534572388,-0.6619317582539486,-0.6777563701800697,-0.693270345521494,-0.7084790925690821,-0.723388947070424,-0.7380057756128469,-0.7523356746726574,-0.7663877600780382,-0.7801758258602823,-0.7937163319695689,-0.8070238198951478,-0.8201088608488177,-0.8329811182882105,-0.8456534013280672,-0.8581423626527217,-0.8704659770364233,-0.8826408376330538,-0.8946822220648167,-0.906606477804037,-0.9184318846310574,-0.9301764654185158,-0.9418556453211706,-0.9534814938769608,-0.9650626169828908,-0.9766040660076237,-0.9881072461054617,-0.9995698291610422,-1.010985652040791,-1.0223447417208495,-1.0336342218997387,-1.044839698581427,-1.0559452476770717,-1.0669330082067394,-1.0777835777753326,-1.0884756483909843,-1.0989857991241114,-1.1092888732986892,-1.119357481691633,-1.129162693260732,-1.138677279003055,-1.1478796360094248,-1.1567560332575586,-1.165300441351693,-1.1735144109419626,-1.1814072359309116,-1.1889938354746306,-1.196290759776462,-1.2033126336182596,-1.2100714544644324,-1.2165788307374403,-1.2228480143781917,-1.2288943521893678,-1.2347345604594913,-1.240384306174329,-1.2458544260927071,-1.2511479016945495,-1.2562605893046417,-1.2611863857458459,-1.2659223417291374,-1.2704695695597703,-1.2748317314757656,-1.2790142086901573,-1.2830240156596138,-1.286869771812357,-1.2905616665385344,-1.2941114244434295,-1.2975322792843749,-1.300838888764811,-1.304046406025123,-1.307167893816334,-1.3102116274863982,-1.3131810464788294,-1.3160773726041484,-1.3189021737844777,-1.3216579551316792,-1.3243468467985782,-1.3269698289198408,-1.3295285174852063,-1.3320260745499806,-1.3344651349905654,-1.3368460275997538,-1.3391672302112985,-1.3414279448377653,-1.3436317191531029,-1.3457882739551081,-1.3479119426956139,-1.3500191421213292,-1.3521276156793356,-1.3542576433581905,-1.3564328844609077,-1.358677755034831,-1.3610134087613712,-1.3634572792926325,-1.3660255851291871,-1.3687350701100718,-1.37160325216816,-1.3746473224501699,-1.377880569477551,-1.381308096989939,-1.3849256864016137,-1.3887214137702886,-1.392678030715992,-1.3967759368282744,-1.4009954475313613,-1.4053174391540215,-1.4097233371146098,-1.4141950856633134,-1.4187151183232536,-1.4232663278622637,-1.4278320355777363,-1.4323959603752305,-1.4369421871938635,-1.441455136923099,-1.4459195304585255,-1.4503203735220067,-1.4546426226350413,-1.4588698247775016,-1.4629829153517722,-1.4669610226734136,-1.470782928261361,-1.4744274972405562,-1.4778729136115878,-1.4810943548975086,-1.484061921028628,-1.486740697456728,-1.489090797093258,-1.4910672791725534,-1.4926235284680895,-1.4937180320189523,-1.4943203325209358,-1.4944125032708213,-1.4939869024834203,-1.4930440625578283,-1.4915915749006008,-1.4896418976909238,-1.4872094397429132,-1.4843097911566738,-1.4809618571173637,-1.4771897745588698,-1.473022583906501,-1.4684929994787979,-1.4636347358380242,-1.4584780102442552,-1.4530467036319603,-1.4473589280799428,-1.4414286030869323,-1.4352660593481128,-1.4288781376335258,-1.4222695489606696,-1.4154460598210705,-1.408416384784106,-1.4011920297150466,-1.3937877060610075,-1.3862210625430669,-1.3785101202779502,-1.3706709814519837,-1.3627182128414836,-1.3546661095018502,-1.3465280621896156,-1.3383155602039716,-1.330038655073269,-1.3217059521532937,-1.3133243743333396,-1.3049004622238631,-1.2964417244918813,-1.2879568549187668,-1.279454652819339,-1.2709413529133675,-1.2624182597495286,-1.253882277700787,-1.245328794876112,-1.236754477218034,-1.2281594440568848,-1.2195484038843614,-1.2109297314807865,-1.2023141003502709,-1.1937141434931202,-1.1851445249136894,-1.1766219966211966,-1.1681654597477071,-1.1597960228369917,-1.1515370606766606,-1.1434142670729992,-1.135455721520806,-1.1276916197327551,-1.120152583159607,-1.1128667255436224,-1.1058581254389175,-1.0991484425793239,-1.092759253586078,-1.0867115587805396,-1.0810241001412157,-1.0757144268963632,-1.0708013888863732,-1.0663054248223602,-1.0622470822019925,-1.058645855149913,-1.055518884201384,-1.052879020801689,-1.0507327700853917,-1.04907918504013,-1.0479108246380409,-1.047215216315947,-1.0469752937015337,-1.0471693889618174,-1.0477713190254836,-1.0487514012435466,-1.0500790953815025,-1.0517257202345485,-1.053665586546527,-1.0558758458992852,-1.0583348826011212,-1.0610197179881367,-1.0639055610800245,-1.0669681590326257,-1.0701857943815807,-1.0735397378874134,-1.077014225223766,-1.0805964367663252,-1.0842764726232446,-1.0880473283531942,-1.0919048630186408,-1.0958477879247979,-1.0998774043613788,-1.1039963407264461,-1.1082072186310536,-1.1125132462701741,-1.1169197127062198,-1.1214340165009713,-1.126062942937709,-1.1308075043852026,-1.1356596854116472,-1.1406044993141229,-1.1456238097092266,-1.1506977905429825,-1.1558041873279297,-1.160917906944342,-1.1660128841442057,-1.1710644574136233,-1.176049855940896,-1.1809468317223015,-1.185732524997051,-1.1903843624633808,-1.1948814782283363,-1.1992051096258436,-1.2033385711448035,-1.207267140141826,-1.2109771387719062,-1.2144542415163937,-1.217682389822173,-1.2206436382104449,-1.2233178743593347,-1.2256818362287667,-1.2277091704524186,-1.2293727163431631,-1.2306466183270897,-1.2315068594743692,-1.2319306407158137,-1.2318948356697932,-1.2313754942732158,-1.230350119398254,-1.2288014436193797,-1.226720427367675,-1.2241074606440026,-1.2209725156604652,-1.2173349043350024,-1.213221366795024,-1.2086617914915823,-1.203685438284892,-1.1983197785213107,-1.1925910730685032,-1.1865259380403248,-1.1801519773015374,-1.1734957511365154,-1.1665799131031551,-1.1594219706958164,-1.1520353381209438,-1.1444319738000668,-1.1366236049535525,-1.1286201348611047,-1.1204290100953915,-1.1120570774736311,-1.1035113849129916,-1.09479883341613,-1.085927280922359,-1.0769070188902181,-1.0677511585442945,-1.0584747940329773,-1.0490925192458846,-1.039615832160679,-1.0300530035969413,-1.0204104651654415,-1.0106926022475937,-1.0009005792675072,-0.9910329749259894,-0.9810869821947561,-0.9710576563093017,-0.960936506774831,-0.9507110986575708,-0.9403651373916175,-0.9298785429204098,-0.9192275995019002,-0.9083861928415897,-0.8973295327153615,-0.8860386168133064,-0.8745024048930256,-0.8627178463892474,-0.8506886674213296,-0.838423861939499,-0.8259366880966951,-0.8132427738498276,-0.8003572268516085,-0.7872935078858228,-0.7740654317995564,-0.7606901966680556,-0.7471900111954062,-0.7335923221161607,-0.7199285672209454,-0.7062304097538683,-0.6925260333707425,-0.6788411623426424,-0.6652032395697529,-0.6516428052558592,-0.6381917690948606,-0.624883416095092,-0.6117543590094661,-0.5988435532146298,-0.5861875191116551,-0.5738167970219809,-0.5617567034425677,-0.5500290601360112,-0.5386519007436255,-0.5276384734786385,-0.5169962490136911,-0.5067269276603077,-0.4968286887246946,-0.48729849647784856,-0.4781328324237304,-0.46932777010411747,-0.46087840677751263,-0.45277671146948717,-0.44500946616922715,-0.4375592229777143,-0.4304069663277338,-0.42353353066343186,-0.41691980664629646,-0.41054699496501784,-0.4043981355157217,-0.3984610631731441,-0.39273081447809066,-0.38720995850972073,-0.3819067142669698,-0.3768319875294188,-0.37199751291569355,-0.3674154913035862,-0.36309863046394625,-0.35906017248230754,-0.35531392389279715,-0.3518742780907797,-0.34875625185506876,-0.3459752877064276,-0.34354575452902675,-0.34147836718388985,-0.3397796252121292,-0.33845412603690533,-0.3375061422172929,-0.33693864427833903,-0.33675254737051047,-0.33694787748335936,-0.33752426086751103,-0.3384796578681382,-0.3398101433211879,-0.3415113789235975,-0.34357961255473635,-0.3460118019369097,-0.3488052994362904,-0.3519561748536025,-0.3554562278873145,-0.35929079243816203,-0.3634386863270129,-0.36787432089063116,-0.37257065118057764,-0.3775008476166771,-0.3826385791923618,-0.3879578722256677,-0.3934319476110055,-0.39903063497066804,-0.4047190416090152,-0.41045936211439593,-0.41621320469681067,-0.42194310064423207,-0.4276157198172413,-0.4332058819446343,-0.4386975709524063,-0.4440829053224341,-0.4493609446990104,-0.4545352720784638,-0.45961105823181764,-0.4645935939234688,-0.46948805308916935,-0.4742994709032347,-0.47903268319135606,-0.4836925666548908,-0.48828529418200606,-0.49281952335092255,-0.4973051521290679,-0.5017503145878299,-0.5061599458213983,-0.5105375196716819,-0.5148878655886022,-0.5192171517926829,-0.5235300294207068,-0.527829183435235,-0.5321180719558948,-0.5364018378656984,-0.5406858629372702,-0.5449748555227993,-0.5492727436601209,-0.5535826539690465,-0.5579064139350347,-0.5622430435087545,-0.5665878559288885,-0.5709335730580181,-0.5752716390879027,-0.5795925049802438,-0.5838855829112637,-0.5881392154992037,-0.5923406617786651,-0.5964758517548305,-0.6005281522668723,-0.6044770107801246,-0.6082985039358795,-0.6119668504913394,-0.6154550101041464,-0.6187357899504194,-0.6217855046049408,-0.624587627236932,-0.6271331229317135,-0.6294185116517585,-0.6314431197161701,-0.6332074507579932,-0.6347147041600176,-0.6359730450161262,-0.6369950908303773,-0.6377953671765202,-0.6383896772947282,-0.6387973768231117,-0.6390429506937959,-0.6391544259133818,-0.6391597314060418,-0.639083392840868,-0.6389456803891549,-0.6387639887351036,-0.6385538709898813,-0.6383282097227588,-0.6380957095587787,-0.6378613884633764,-0.6376290796630626,-0.6374021958034854,-0.6371819209521603,-0.6369664754389863,-0.6367520440314521,-0.636533286929396,-0.6363040514759961,-0.6360596557465813,-0.6357989895254053,-0.6355243594127865,-0.6352404245108624,-0.6349529565211158,-0.6346671927259864,-0.6343869231559371,-0.6341143974102816,-0.6338503377780027,-0.633593937955916,-0.6333428649136198,-0.6330932616183131,-0.6328397448457308,-0.6325754470487481,-0.6322928453243297,-0.6319862344939879,-0.631654584302795,-0.631302738743269,-0.6309403111969808,-0.6305790972716399,-0.6302317595407948,-0.6299122419003516,-0.6296351095714948,-0.629414020814577,-0.6292616328652003,-0.6291916484065333,-0.6292211301064925,-0.6293699704107392,-0.6296582150553028,-0.6301036536308122,-0.6307200339111252,-0.6315171626250525,-0.6325032984390492,-0.6336863440175805,-0.6350722140519377,-0.636663762494768,-0.6384619851980077,-0.640468037606578,-0.6426842488803889,-0.6451130785386967,-0.6477556510292225,-0.6506106101484344,-0.6536726392126779,-0.656933011031015,-0.6603823853272704,-0.6640108569964075,-0.6678051183325067,-0.6717477556832164,-0.675818671624645,-0.6799961907141128,-0.6842588693551717,-0.6885884513839811,-0.692971340753926,-0.6973969119774529,-0.7018544950795212,-0.7063317198499053,-0.7108150280801282,-0.7152911813423103,-0.7197474951991178,-0.7241715779046285,-0.7285528873963106,-0.7328839144101782,-0.7371597585999016,-0.741378381143642,-0.7455402713129033,-0.7496460179508074,-0.7536942946350729,-0.7576819912669123,-0.761605770314296,-0.7654634148067128,-0.7692549519649869,-0.7729841697093194,-0.7766583679678817,-0.780284639196906,-0.7838660254466961,-0.7874021108479745,-0.7908917713739579,-0.7943332376139103,-0.7977230237206926,-0.8010573063961519,-0.8043348693447182,-0.8075582478930587,-0.8107317451419062,-0.8138585607217662,-0.8169401461195415,-0.8199776030567425,-0.8229729310992393,-0.82593006570184,-0.8288550713640368,-0.8317540791407223,-0.8346309360238866,-0.837486830221442,-0.8403216754687027,-0.8431350836232894,-0.8459258860223504,-0.8486923002768618,-0.8514328245425727,-0.8541456197975407,-0.8568260379662229,-0.8594647763589247,-0.862048462945458,-0.8645618255392543,-0.8669906577692177,-0.8693242441984685,-0.8715561593955181,-0.8736842875342387,-0.8757108014579377,-0.8776421486539516,-0.8794890080153097,-0.8812655193359318,-0.8829869376756742,-0.8846676639401186,-0.8863223957131506,-0.8879685304574271,-0.8896262668586283,-0.8913172898779893,-0.8930648181420217,-0.8948935187586567,-0.8968272632979494,-0.8988869272947385,-0.9010897640971838,-0.9034493517262764,-0.9059749499034551,-0.90867072062999,-0.9115375459180887,-0.9145763736935147,-0.9177891071752468,-0.9211777096887362,-0.9247428925284648,-0.9284824505178159,-0.9323903842054262,-0.9364567882937707,-0.9406682345323883,-0.9450091711993863,-0.9494628790239935,-0.9540104182660928,-0.9586299058177267,-0.9632984745382717,-0.9679950892649756,-0.9727009785305016,-0.9773971834552709,-0.982061782643484,-0.9866687572571984,-0.9911875845676885,-0.995582249939352,-0.9998116507627841,-1.0038336785375395,-1.0076107917443768,-1.0111140728122097,-1.014324479669468,-1.0172309477909158,-1.0198274922850703,-1.0221124893408333,-1.0240899497743987,-1.025769629851492,-1.0271655148763152,-1.0282948308474245,-1.0291779217131505,-1.029838245139355,-1.0303023614433864,-1.03059948414473,-1.030759498910732,-1.0308099695370876,-1.0307749340499188,-1.0306767751292212,-1.0305382722470584,-1.030381689844849,-1.030227247487192,-1.0300945128678227,-1.0300047432206478,-1.0299805469509813,-1.0300430804094678,-1.0302096319038294,-1.0304928516648983,-1.0309011718247265,-1.0314397617246247,-1.032110509813083,-1.0329123321983036,-1.0338432039530265,-1.0349002808856018,-1.0360775626741698,-1.0373646275421737,-1.0387475181762038,-1.0402101961437853,-1.0417342612305989,-1.0432973856764831,-1.0448728975649013,-1.0464311189428868,-1.047940437553996,-1.0493663695373934,-1.0506714000482622,-1.0518191046254948,-1.0527800342683316,-1.0535348460701959,-1.0540746855107894,-1.0544000131841822,-1.054517894285442,-1.0544391442988763,-1.0541760908596496,-1.0537415068427072,-1.053150574176453,-1.0524235545480292,-1.051585005154834,-1.0506602398302254,-1.0496718854001523,-1.048638115586709,-1.0475723838013589,-1.046484392689574,-1.0453827052208247,-1.0442773483629595,-1.0431798984934422,-1.0421021840498452,-1.041056646587412,-1.040057894511617,-1.0391234309814994,-1.0382732386349844,-1.0375277919786738,-1.0369056518930697,-1.0364231408075895,-1.036094651082127,-1.0359321495657103,-1.035945599672219,-1.0361438709207287,-1.0365349424682342,-1.037125894881679,-1.0379226530964583,-1.0389287302133807,-1.040143601157624,-1.0415620077764212,-1.0431739182747264,-1.0449645227564168,-1.0469142285395168,-1.0489986358994055,-1.0511886544744606,-1.0534522400159343,-1.0557585996822823,-1.0580821018154447,-1.0604034833739602,-1.0627088214258675,-1.0649878563167456,-1.067233164684915,-1.0694400811183167,-1.0716066898575036,-1.0737342994947794,-1.0758289180325218,-1.077902038764789,-1.0799694338428527,-1.0820497659637167,-1.0841632308489697,-1.0863280110843032,-1.0885561212363097,-1.0908535470999388,-1.0932242291164165,-1.0956719343319063,-1.0981985856998178,-1.1008037086303004,-1.1034867099924206,-1.1062489490148673,-1.1090947925523582,-1.112032469643911,-1.1150730889760494,-1.1182279298059785,-1.121506139194697,-1.12491377386224,-1.1284543856277018,-1.1321298310133348,-1.135940368842194,-1.1398849230711576,-1.143962031292503,-1.1481696192996704,-1.1525030711934308,-1.1569551803730258,-1.161518625509893,-1.166187715026922,-1.1709579550037768,-1.1758244538078786,-1.1807816075088362,-1.1858243603496414,-1.1909481727415852,-1.1961476687351413,-1.201417146021132,-1.2067533677933162,-1.212157523547958,-1.217634506724601,-1.2231913567230952,-1.2288366643753754,-1.2345798949905065,-1.2404298021078106,-1.2463938377902806,-1.2524794512647937,-1.258695225689337,-1.2650510547805598,-1.271557876888115,-1.278226486215108,-1.2850658170151754,-1.2920824078436408,-1.2992820357847255,-1.3066717665433087,-1.3142585579226667,-1.322045844715563,-1.3300333759016045,-1.3382197490214294,-1.3466039022495615,-1.355184437604172,-1.3639580183992592,-1.372919247494434,-1.3820621206669506,-1.3913806715485244,-1.4008674538558932,-1.4105108663214612,-1.4202945675502983,-1.4301997337401626,-1.4402070417434079,-1.4502970975748362,-1.4604503642885582,-1.4706470919951466,-1.4808672452703608,-1.491090431108129,-1.5012958268467895,-1.5114621070010328,-1.5215673751091623,-1.5315890795839557,-1.541504242044803,-1.5512910754264595,-1.560931890585899,-1.5704146935328716,-1.579732165887372,-1.5888801237100747,-1.5978563520511953,-1.6066589170952708,-1.6152849241974838,-1.623731249716003,-1.6319970005004765,-1.640085059002711,-1.6480016933749007,-1.655756674882684,-1.663362820600903,-1.670832363172165,-1.6781735697027897,-1.6853909549666477,-1.6924866693631193,-1.6994602061498194,-1.7063061350193232,-1.713012780106728,-1.7195648085324957,-1.7259469535498682,-1.7321452831116446,-1.7381463933311772,-1.7439368741551928,-1.749503769859583,-1.7548339381187332,-1.7599124805694375,-1.7647220648303146,-1.7692428836559633,-1.7734532207622107,-1.7773309560147303,-1.7808541398626698,-1.7839997279047248,-1.7867433500084688,-1.7890615675161317,-1.7909333909331941,-1.7923386210405596,-1.793255385807011,-1.793659189683671,-1.7935232092550395,-1.792820105897981,-1.791525025282374,-1.7896176663802017,-1.7870833943385094,-1.78391479469975,-1.7801122592004384,-1.7756826889660822,-1.7706382049484575,-1.7649949590762517,-1.7587717237661802,-1.7519898731790888,-1.7446737456713304,-1.7368501963786238,-1.7285493215521557,-1.7198056010780858,-1.710656589800609,-1.7011399811039725,-1.6912918225731095,-1.6811468604565296,-1.6707392951860158,-1.660100812220024,-1.6492574623191294,-1.6382301763177398,-1.6270383131535884,-1.6157022581051719,-1.6042432172017251,-1.5926817416557273,-1.5810370918943377,-1.569327285455204,-1.5575691860732,-1.54577858877908,-1.5339703060434529,-1.5221582544560892,-1.5103555418135484,-1.4985745542320381,-1.486827044496931,-1.475124216092228,-1.4634768233734223,-1.4518950211032804,-1.4403868880309207,-1.4289559205401092,-1.4176006415816236,-1.4063165609201438,-1.395096816277385,-1.3839319290091598,-1.37281177893615,-1.3617294025960174,-1.3506842228709062,-1.3396824322046068,-1.3287336408318848,-1.3178467488456382,-1.3070290834366844,-1.2962879191966716,-1.2856314006682052,-1.2750686747526236,-1.2646103906260404,-1.2542702247312913,-1.244065324462479,-1.2340137723263471,-1.2241325597354655,-1.2144378164151703,-1.2049445171243622,-1.1956654975752012,-1.1866102970365593,-1.177783583250326,-1.169184260454044,-1.1608057038561177,-1.1526374654328384,-1.1446683029208842,-1.136888006581769,-1.1292865956627622,-1.1218534740565114,-1.1145779620920802,-1.1074491716883181,-1.100455902540109,-1.093588068292659,-1.08683779650974,-1.080198479362851,-1.0736620282763627,-1.0672165902737096,-1.0608472064087002,-1.0545387371779882,-1.0482782100447579,-1.0420550547296683,-1.0358591429822652,-1.0296778672086204,-1.0234950914830112,-1.017293206854148,-1.0110560871222758,-1.0047706981495708,-0.9984284926117536,-0.9920279997083029,-0.9855761692688969,-0.9790865802301297,-0.9725771034600038,-0.9660691343623933,-0.9595871806824855,-0.9531569746840904,-0.9468030855963042,-0.9405492418203738,-0.9344208971591453,-0.9284460992053568,-0.9226533216667259,-0.9170686612956013,-0.9117145564807669,-0.9066098431706666,-0.9017712004638404,-0.8972157842040179,-0.8929620689326656,-0.8890277024299255,-0.8854273497976548,-0.8821721147212279,-0.8792695572785695,-0.8767237175868102,-0.8745351378099269,-0.8727008819738157,-0.8712145542688249,-0.8700663156079941,-0.8692428984306253,-0.8687276203609531,-0.8685003947935085,-0.8685377452820768,-0.8688128041236133,-0.8692957224267419,-0.8699551090474936,-0.870759563672987,-0.8716787441849023,-0.8726842352938005,-0.8737485383952284,-0.87484248359745,-0.8759337478429874,-0.8769866391847546,-0.8779622760417982,-0.8788199265260603,-0.8795198616644166,-0.8800258251328651,-0.8803058560309933,-0.8803323329674966,-0.8800819779293082,-0.8795358475334527,-0.8786787173030044,-0.8774975527844665,-0.8759809673217059,-0.8741205749680606,-0.8719122000906061,-0.8693560999310342,-0.8664569772099545,-0.8632237914188287,-0.8596682721665612,-0.8558023520055376,-0.8516372134520646,-0.847183754444001,-0.8424517218835704,-0.8374488464956552,-0.832181988794575,-0.8266585458542963,-0.8208868095182763,-0.8148761097169228,-0.8086376806830905,-0.8021851919274613,-0.7955330398487127,-0.7886939337718178,-0.7816779723666344,-0.7744926337882481,-0.7671428349937803,-0.7596309846354856,-0.7519570395054371,-0.7441185633445282,-0.7361107872229994,-0.727926672066974,-0.7195569719843284,-0.710990304690505,-0.702213202960803,-0.6932103604499202,-0.6839658330478855,-0.6744645139555776,-0.6646917746016522,-0.6546323454467629,-0.644271508140553,-0.6335981427106562,-0.6226068384287713,-0.6112978388425229,-0.5996755878082881,-0.5877482507610382,-0.5755291501593705,-0.563037935516631,-0.5502998785842673,-0.5373444801156764,-0.5242055228776815,-0.5109212308867163,-0.49753196165316727,-0.48407629215856496,-0.4705878554598418,-0.45709525486573194,-0.44362463277160913,-0.43020162020660097,-0.41685105733062716,-0.40359472825440584,-0.39044963946958944,-0.3774302521586032,-0.3645526588430314,-0.3518357830514146,-0.3393002978060499,-0.32696907588041974,-0.3148684950221364,-0.3030278816394341,-0.29147806949766836,-0.280250913891734,-0.26937934355401855,-0.2588967409205781,-0.24883468265295172,-0.23922009781395615,-0.23007385356729235,-0.22141059596823623,-0.2132389853596265,-0.20556309255624244,-0.19838505948793292,-0.19170608268408199,-0.18552436302031242,-0.1798329259591939,-0.17461902631307594,-0.1698652917259454,-0.1655540459204225,-0.16167257171490723,-0.158214158857303,-0.1551758282884262,-0.1525568998227969,-0.15035867330952457,-0.1485833882835406,-0.1472327990036761,-0.14630850267410864,-0.14581349556110298,-0.14575293528670094,-0.1461337579412624,-0.14696272089324303,-0.14824340125229332,-0.14997429155669142,-0.15214844607590758,-0.15475426819354465,-0.15777702928105333,-0.16119920605996718,-0.16500017250705515,-0.16915787077643235,-0.17365151541094778,-0.1784635116573547,-0.18357947761729695,-0.18898635572404648,-0.19467118208369372,-0.20061998225105196,-0.2068152500621769,-0.2132347519305392,-0.21985338195072915,-0.22664523492505295,-0.23358351083358114,-0.24064051539374032,-0.2477889009655933,-0.2550015402581887,-0.2622499295504677,-0.2695035698959186,-0.27673152585863475,-0.28390494979882896,-0.2909977695878944,-0.297985690094434,-0.3048450616419272,-0.31155129566280354,-0.3180782875541276,-0.32440060781093694,-0.3304972356317976,-0.33635439200010003,-0.34196547783502496,-0.34732837147022044,-0.3524428419548638,-0.3573092809765669,-0.36192762738859807,-0.3662980040750046,-0.37042453553517135,-0.3743187959949,-0.3780000570228461,-0.38149291906333377,-0.3848234971534995,-0.38801543937605143,-0.3910878728204994,-0.3940567575564486,-0.39693721931893317,-0.39974322643391114,-0.4024850508362587,-0.40516843108001976,-0.4077967221555885,-0.41037350090284297,-0.4129046145538404,-0.41539904704959985,-0.41786712235658785,-0.42031759056998036,-0.42275668810940586,-0.4251887188352107,-0.4276166313685232,-0.4300436398939221,-0.43247460012878775,-0.4349154029699155,-0.43737218743010553,-0.4398512383416838,-0.44235897725272855,-0.4449019370912733,-0.4474862143887823,-0.4501159189085769,-0.4527917030088382,-0.45550968753552024,-0.4582607119078919,-0.46103176473066776,-0.46380963375015527,-0.4665850351489911,-0.46935651790816085,-0.4721325959956107,-0.47492979635978105,-0.4777681326661166,-0.480668142000712,-0.4836497124633629,-0.4867305772406691,-0.4899260888412822,-0.4932519095166858,-0.4967258621637987,-0.5003668527673648,-0.5041936570924833,-0.5082243936048851,-0.5124741466064872,-0.5169509093924469,-0.521654845373408,-0.5265818445282328,-0.5317261281220443,-0.5370795417857047,-0.5426305117820482,-0.5483656026701025,-0.5542731078419207,-0.5603463131152314,-0.5665842112005327,-0.5729892178331342,-0.5795643084317532,-0.5863115264949774,-0.5932306783440053,-0.6003178810790178,-0.607565889372455,-0.6149655931748266,-0.6225066787806394,-0.6301776096124643,-0.637965568251942,-0.6458564017749215,-0.653834572992632,-0.661883055770397,-0.6699823722660196,-0.6781080979315867,-0.6862291075039915,-0.694309126362671,-0.7023107434032458,-0.7102004303185006,-0.7179526756456949,-0.7255515113859945,-0.7329901322210691,-0.740269383494974,-0.747396195304752,-0.7543824029398142,-0.7612424604610314,-0.7679912829049909,-0.7746450122416232,-0.7812226463144601,-0.7877456721563908,-0.7942369408795236,-0.8007193199430009,-0.8072140059739581,-0.8137396493940525,-0.8203126077409327,-0.8269487397838694,-0.8336663398123257,-0.8404874995487732,-0.8474363140425516,-0.8545358570573984,-0.8618064824931727,-0.869265487209032,-0.8769270641331923,-0.8848022382236134,-0.8928988049927236,-0.9012212727378736,-0.9097707856653612,-0.9185453972327129,-0.9275413751438649,-0.9367542450003602,-0.9461777938428869,-0.9558019798812613,-0.9656115558878484,-0.9755869841651399,-0.9857070468637139,-0.995951063760361,-1.0062995992636912,-1.016732737201327,-1.0272275147326722,-1.0377567864504424,-1.0482893570392058,-1.058791936690413,-1.069233836121829,-1.0795915775510594,-1.08984995302358,-1.1000015716963014,-1.1100472229892575,-1.1199947646906394,-1.129856466191833,-1.1396473462391057,-1.149383898696267,-1.1590825444630881,-1.1687597108648056,-1.1784333059076357,-1.1881231581189544,-1.197849287555203,-1.2076288403867086,-1.217473881634974,-1.2273907943914497,-1.2373808717390526,-1.2474424835488562,-1.257573142868462,-1.267769416203999,-1.2780268423477326,-1.288341299833312,-1.2987099864032983,-1.3091312351163513,-1.3196031833291113,-1.3301224021329738,-1.3406844658628914,-1.351284950421106,-1.361917938674225,-1.3725729774950841,-1.3832337993653074,-1.3938794626717523,-1.4044856545067985,-1.415025763908409,-1.4254724751826553,-1.4357985942746403,-1.4459760339066612,-1.455974070233178,-1.4657584229874001,-1.4752914680427924,-1.484533561479811,-1.4934445281523965,-1.5019841647280956,-1.5101128200689964,-1.5177935958089024,-1.5249952394660047,-1.531693669019391,-1.5378721919901115,-1.5435212965915133,-1.548637557995063,-1.5532219455230942,-1.5572786249247739,-1.5608135563603132,-1.5638332222986748,-1.5663457494453528,-1.5683638475845514,-1.5699062204162597,-1.5709952056384386,-1.5716522480606945,-1.5718956875794579,-1.5717418104366963,-1.5712060438216007,-1.5703031568543127,-1.569047239937578,-1.5674517292397112,-1.5655291329998637,-1.5632897416267773,-1.5607404229889998,-1.5578854068124692,-1.554727804882687,-1.5512701440865926,-1.5475143912566764,-1.5434619815075126,-1.5391138468148489,-1.534470446800716,-1.5295318070397352,-1.524297538103022,-1.5187670789697492,-1.5129409251974366,-1.5068220159571264,-1.5004152525520833,-1.4937256018491836,-1.4867560793282588,-1.4795062694107253,-1.4719719152250175,-1.4641456893568183,-1.4560196076526175,-1.447587981698289,-1.438849079583308,-1.4298062421731252,-1.4204683635383333,-1.4108483689320235,-1.4009620532398546,-1.390828547795656,-1.3804697588193746,-1.3699089106014373,-1.3591700086963878,-1.3482779008044576,-1.3372583520386967,-1.3261381293599217,-1.314945018551878,-1.3037069688230754,-1.2924495842694967,-1.2811935681634534,-1.269954874520419,-1.2587472596982707,-1.2475834004933652,-1.2364732627183828,-1.225423627350401,-1.2144408952375685,-1.2035347236941065,-1.1927195273657667,-1.182012768447103,-1.171431358166643,-1.1609884807102497,-1.1506921570786286,-1.1405452281402566,-1.1305464690359712,-1.120692310677917,-1.1109781134851915,-1.1013992880549275,-1.0919516777057656,-1.0826307491638525,-1.0734306142340049,-1.0643425933341906,-1.0553538308588075,-1.0464469378808854,-1.0376000763990108,-1.0287870243500379,-1.0199773357898079,-1.011137666111435,-1.0022356152851306,-0.993243904801059,-0.9841412011784022,-0.9749107243013351,-0.9655395459612317,-0.9560186234798024,-0.9463423976288157,-0.9365068357376389,-0.9265071599435382,-0.9163383954290544,-0.9059980513190804,-0.8954876757458057,-0.8848122567771541,-0.8739786560639997,-0.8629942802466865,-0.8518647296569205,-0.8405908666536085,-0.8291685625263359,-0.8175902710400438,-0.8058457926037967,-0.7939228886527009,-0.7818088656016063,-0.7694914921432381,-0.7569586549351387,-0.7441995635808836,-0.7312073537065307,-0.7179795431825468,-0.704515635501249,-0.6908145289387075,-0.6768735557310256,-0.6626884994983011,-0.6482537132770758,-0.6335622299440009,-0.6186058775721823,-0.6033759151183277,-0.5878646558424225,-0.5720663383660769,-0.5559760196070291,-0.539588406752041,-0.5228977104388961,-0.5058977875438833,-0.4885822753922197,-0.4709446946376153,-0.4529790812036004,-0.43468294225744303,-0.41606160183886853,-0.3971295073473356,-0.3779075829003435,-0.3584198342325353,-0.3386915563571136,-0.3187490607576689,-0.2986198271584578,-0.27833264674853253,-0.2579177663877904,-0.2374070491375515,-0.21683395170503236,-0.1962323144428092,-0.17563365192910393,-0.15506485739146678,-0.1345475471788339,-0.11409860614181508,-0.09373229274791454,-0.0734627948017567,-0.053303444389207505,-0.033262803785780476,-0.013343483169430003,0.006454136880039295,0.02612771837993342,0.04567146299918217,0.06507710146902272,0.08433658817139386,0.10344417914850107,0.12239585981597238,0.14118764880276624,0.15981480878759857,0.1782727063078128,0.19655972553986198,0.2146799566323326,0.2326437689751291,0.2504667654664734,0.26816710528608456,0.2857626924947651,0.3032707965679346,0.3207094444783144,0.33809819550143205,0.3554583877619351,0.37281432695194844,0.3901935202738997,0.4076223742721539,0.42512058922538914,0.4426996800930508,0.4603645361716723,0.478116013264206,0.495953680855449,0.513877164374865,0.5318860665181875,0.5499787433730927,0.5681507442063087,0.5863947146507219,0.6047005169653127,0.6230549644175428,0.6414442779017588,0.659858443137285,0.6782930517844193,0.6967474483310399,0.7152216603954415,0.7337154527693843,0.7522303069968403,0.7707710730482793,0.789344462260534,0.8079563643567941,0.8266106086305476,0.8453087187662052,0.8640500985502347,0.8828336262106191,0.9016604939784455,0.9205361558823728,0.93947010231457,0.958473494848008,0.9775561077694971,0.9967254401859841,1.0159887293722816,1.0353545306280092,1.0548312969066989,1.0744260106137662,1.0941457935604912,1.1140001784044014,1.1340014622473118,1.1541632131805573,1.174499015987178,1.195023241253521,1.2157516849947996,1.2366989038802276,1.2578736018218906,1.2792773515865399,1.3009079985453518,1.3227624595990297,1.3448364862527897,1.3671247550691612,1.3896222403011687,1.4123245865137037,1.4352263001701844,1.4583180127660824,1.481586098703119,1.5050149498169314,1.5285887303605439,1.5522923530853963,1.5761136198864714,1.6000449992938097,1.6240823003898002,1.648221914004201,1.672459412450002,1.6967892453976052,1.7212045664682587,1.7456970450614138,1.770256682991016,1.7948716288523845,1.81952850633139,1.8442142982650698,1.8689184964799834,1.8936331303854435,1.9183523342802542,1.9430725303589549,1.9677909251537038,1.992503967870355,2.0172085338287933,2.041903034681375,2.0665868416595665,2.0912606811871033,2.115927983546483,2.140594871785101,2.1652685163604835,2.189956071547895,2.214665626514697,2.239407369607537,2.2641936401644736,2.2890377186505266,2.3139510068531806,2.3389401082660632,2.364005488328693,2.3891414180941535,2.4143373742598673,2.439580425784798,2.464855920579777,2.4901463881874215,2.5154308253425293,2.5406844954713392,2.565878791719676,2.59098180202396,2.615959843653049,2.640779511716757,2.665410212393231,2.6898256050403364,2.7140028612085083,2.737921693804512,2.76156409441361,2.7849137902165455,2.807954658068056,2.8306690270213237,2.853037553976007,2.8750406061098728,2.8966595129541677,2.9178775261124072,2.9386812909451407,2.9590618506544577,2.9790146923190517,2.998539573244493,3.0176403724433345,3.036324938083934,3.0546049394276302,3.0724957183280255,3.0900161428429596,3.107187943415425,3.124034069668744,3.140577769093144,3.1568428802928317,3.1728526184655097,3.188627864533826,3.2041881263505996,3.2195529562339615,3.2347411171775797,3.2497682012947715,3.2646438004815836,3.279370700975314,3.2939470016636774,3.308368142452798,3.3226278990335976,3.3367197930365977,3.350637691157987,3.3643744584164588,3.377920477419308,3.391262491444448,3.404382974055182,3.417261882494709,3.429880420001703,3.442224561199063,3.4542858821667597,3.466059311497018,3.4775408373627106,3.4887267955469614,3.4996137728558727,3.5101985225560055,3.5204778821666567,3.5304486920780245,3.5401077214873378,3.5494515764907453,3.558476786333192,3.567180829975954,3.5755634894848263,3.5836264214797344,3.591371545849034,3.598800255130686,3.605913769002546,3.612715063309927,3.619211207008104,3.6254129325460656,3.6313320509349056,3.6369806723773763,3.642373327942419,3.64752865364957,3.6524678886954787,3.657212514639291,3.6617843609982565,3.6662065364521377,3.670501181415288,3.674684916115292,3.678766479304375,3.682748136548809,3.6866286395324495,3.690405009969668,3.6940728674036083,3.6976263912394867,3.701058297942297,3.7043598139793663,3.7075206561565874,3.7105289955175684,3.713371690562373,3.7160358499088932,3.718511766756932,3.720794723775844,3.72288365542658,3.7247781553138446,3.726477226845056,3.727981105896305,3.729293414024703,3.7304210507971924,3.731373123783575,3.7321596980782963,3.7327903303077026,3.733274276522587,3.7336217368585323,3.7338433908720017,3.733948796397134,15,Male,45,124,178,89
3.7842289165996945,3.7841311613665174,3.783863577510466,3.7834288180005533,3.7828353994084933,3.782096929903814,3.7812291755082477,3.7802470994827067,3.7791649028455327,3.7779970938743284,3.7767563116523286,3.7754503321914115,3.7740825195168326,3.772653449534528,3.771161354581644,3.769602125737151,3.7679693311039983,3.76625423026966,3.76444579183269,3.762530711350309,3.7604934306828515,3.758316173255373,3.7559797146123968,3.753466054391231,3.750761794159734,3.7478596838978784,3.744757463586554,3.7414546608774595,3.7379497392885424,3.7342396138147547,3.7303218096988173,3.7261972921516002,3.7218708570376804,3.7173499789336715,3.712643482008754,3.7077596907905925,3.7027052767910993,3.6974854650596205,3.6921055849762867,3.6865724383917917,3.6808939595048704,3.675080091897776,3.6691456941048948,3.6631113909476456,3.6570007713405115,3.650836066761431,3.6446352960049615,3.638412654154039,3.632180328172182,3.6259498440278506,3.6197338476577077,3.6135469508236953,3.6074033634600293,3.6013126214496203,3.5952761805618505,3.589286105377553,3.5833252981154486,3.5773694668751963,3.5713905970258093,3.5653600489554576,3.559250929949642,3.5530388871259424,3.5467006589820316,3.540212939878397,3.5335534376537145,3.5267025549910658,3.5196433518987473,3.5123614019558222,3.5048453470421292,3.497085819003872,3.4890739599712997,3.4808019863054622,3.472265020266901,3.4634613109335226,3.4543903459519565,3.445050479596964,3.4354374628816076,3.4255453469193387,3.4153682726428403,3.4049011697823186,3.394140698559346,3.3830871036313153,3.371744555616391,3.3601195624485305,3.3482199554155416,3.3360548696349785,3.3236348565015117,3.310971984470292,3.2980799431861754,3.2849741487373776,3.2716718504548274,3.2581922402141563,3.2445565579136053,3.2307882156370322,3.2169125852092892,3.202955197926103,3.1889379281115917,3.174875039037058,3.1607725429800495,3.1466314625273273,3.132449869142483,3.1182218369008012,3.103937781392414,3.0895873832209912,3.0751607453347503,3.0606460440431547,3.046027207191874,3.0312841143680775,3.0163953889229984,3.0013428291397735,2.9861148644931745,2.9707058648661944,2.955112899002719,2.9393352061978315,2.923376003005979,2.9072428976679854,2.8909457486652035,2.8744941480086124,2.8578982648546387,2.8411718257093765,2.824332776394154,2.8074017277350967,2.790400701355842,2.7733517003618346,2.7562750281217,2.739188707544307,2.7221086385701443,2.705049549859618,2.68802690441235,2.671057380481704,2.654157355913381,2.6373418942054085,2.6206247512972918,2.6040185303746766,2.58753482022665,2.5711843352210204,2.5549770622072625,2.5389223279404054,2.5230278278962466,2.5072967544940523,2.491724810908245,2.4762994030362973,2.461001524043126,2.4458093021666074,2.4307006213113747,2.4156538403199397,2.4006471300825507,2.3856567491468312,2.370655791830206,2.3556142821558796,2.34050062599457,2.3252836260593965,2.309933937974377,2.2944258851323465,2.27873869186173,2.2628553739713753,2.246761349684026,2.2304441173362535,2.213892105571619,2.197091904903185,2.180026807885283,2.1626777594205375,2.1450252285491844,2.1270527431778445,2.1087497252545635,2.090110740091674,2.0711332168153493,2.0518155549983437,2.0321572349707107,2.0121607005926574,1.9918325599605387,1.971183411045554,1.950226388869363,1.9289762307737792,1.9074499388920356,1.885666815993943,1.8636495948603937,1.8414277957784764,1.8190375713043645,1.7965170474376593,1.7739023480062002,1.7512247634698086,1.7285080723937796,1.7057689285348778,1.6830199725144177,1.6602718996551813,1.6375339475123352,1.6148140903368775,1.592118978930728,1.56945234946781,1.546812279716017,1.524190467720505,1.5015735098832808,1.4789444313303906,1.4562857089186,1.4335836791196581,1.4108307297615885,1.3880224478134873,1.3651534204095912,1.3422169387459817,1.3192064067333245,1.2961145694739995,1.2729320091190788,1.2496461092388738,1.2262404500313877,1.2026966256679932,1.178997362696214,1.1551280365790284,1.1310770015328462,1.1068353496077932,1.0823954988060247,1.0577503109875634,1.0328938052233017,1.0078211367340042,0.9825287574206317,0.9570162520125051,0.9312877670320187,0.9053520611727157,0.8792212183343087,0.8529095438598383,0.8264341896716118,0.799815275247424,0.7730748810536989,0.7462348519131936,0.7193123206166986,0.6923167759432322,0.6652504424762901,0.6381083222353102,0.6108786673339139,0.5835458958612417,0.5560931489920292,0.5285030628803038,0.5007580086442958,0.472840339658983,0.44473263704375804,0.4164179576268957,0.3878800831369471,0.35910377098240437,0.33007500697073755,0.3007812613358958,0.271211736431813,0.2413576976486557,0.2112137043609729,0.180779605774455,0.15006083577558396,0.11906667216992572,0.08780769623012098,0.056293041975874904,0.02453035333802134,-0.007471142799358527,-0.03969828827674392,-0.07213431047743375,-0.10476134479627663,-0.13756201154296094,-0.1705173085727046,-0.2036038471952075,-0.2367944557326382,-0.27006126327759256,-0.3033778441872266,-0.3367195227618251,-0.37006301288867166,-0.40338517282251485,-0.4366608330938032,-0.46986108051416,-0.5029514553268422,-0.5358905296486349,-0.5686328018198675,-0.6011352434807571,-0.6333616691837074,-0.6652834922916764,-0.6968794550537595,-0.728135236670277,-0.7590418334958008,-0.7895921103539273,-0.8197776041843702,-0.8495876599857572,-0.8790117460551667,-0.9080443032954396,-0.9366868987176115,-0.964945225325281,-0.9928258267909,-1.020334159168233,-1.0474726912209171,-1.074240921641667,-1.100636521500739,-1.1266548609272586,-1.1522892715639437,-1.177533616793003,-1.2023833810552178,-1.2268340110560114,-1.2508791449360095,-1.2745091859531237,-1.2977104998397395,-1.3204657342597208,-1.3427533323022594,-1.3645477300698676,-1.3858219427578342,-1.4065495756102777,-1.426705099080309,-1.446263669044034,-1.4652009620455166,-1.4834930117577065,-1.5011160518279874,-1.5180463639021586,-1.5342601314994808,-1.549733300216164,-1.5644414390453156,-1.5783596649454652,-1.591463555721697,-1.6037318278435748,-1.615148221149982,-1.6257010846360964,-1.6353837892243517,-1.6441963872458538,-1.652146309983773,-1.6592476625687558,-1.6655186693513995,-1.6709790815695387,-1.6756501884044317,-1.6795559806327147,-1.682724575784386,-1.6851897663692306,-1.6869900918773282,-1.6881654799670602,-1.6887547286720883,-1.6887948657550382,-1.688321131862744,-1.6873669522511505,-1.6859640787665087,-1.684143769070715,-1.6819384427172521,-1.679380945413783,-1.6765012728025783,-1.6733245277971518,-1.6698719751849622,-1.666162652873446,-1.6622128781777066,-1.6580335021173083,-1.6536280147599431,-1.6489943165368384,-1.6441275825043564,-1.639021371099538,-1.633667726133757,-1.6280572195969478,-1.6221789636289334,-1.6160198449811773,-1.6095628032802698,-1.6027867246503935,-1.5956693606250385,-1.5881901742924407,-1.5803301179865599,-1.5720703588189655,-1.5633937412813845,-1.5542882797645174,-1.5447494078577464,-1.5347804917256136,-1.5243929123892341,-1.5136059904178996,-1.5024455685522107,-1.4909411462356355,-1.4791246365818487,-1.4670309092580922,-1.4546968728788638,-1.4421598745899111,-1.42945642572728,-1.4166194878629121,-1.403675446547275,-1.3906441218795589,-1.3775419225014658,-1.3643848368212772,-1.3511899379431178,-1.3379771600963795,-1.32477048297986,-1.3115967281644667,-1.2984831566310968,-1.2854544488684,-1.2725309433089216,-1.2597302643117307,-1.247068866967017,-1.2345617179932595,-1.2222232278643352,-1.2100684574459575,-1.1981113397688903,-1.1863613658849996,-1.1748219404822895,-1.1634912491209155,-1.152364284532092,-1.141434054945279,-1.1306918088293785,-1.120127120776824,-1.109727447789661,-1.099476492377039,-1.089352711683443,-1.079330045732765,-1.0693819445823336,-1.0594863812856241,-1.0496272434686373,-1.0397928117039485,-1.029974896211225,-1.020168860820649,-1.010373715849023,-1.0005921996473677,-0.9908308605589161,-0.981100138973313,-0.9714144435046262,-0.9617922429666501,-0.9522558721047297,-0.9428298159202829,-0.9335373963848428,-0.924398872834215,-0.9154332299753974,-0.9066607801480188,-0.898101526038263,-0.8897704960392417,-0.8816762816646718,-0.8738239050903032,-0.8662175296504544,-0.858860052124856,-0.851751405555032,-0.8448879339108222,-0.8382624408535407,-0.8318642499947616,-0.8256792647639917,-0.8196900263023721,-0.8138757713727455,-0.8082124879865922,-0.8026729746945072,-0.7972268939678012,-0.7918413789790651,-0.7864828228108691,-0.7811185679723707,-0.7757171927638468,-0.7702465009368268,-0.7646699384421186,-0.7589458414806166,-0.7530307957442502,-0.7468844066387619,-0.7404736231299932,-0.7337746451076218,-0.7267717824775936,-0.7194559536341923,-0.7118243842978089,-0.70388053366618,-0.6956327236311002,-0.6870909598208169,-0.678264506352311,-0.669163034881081,-0.6598000929316342,-0.6501954760259177,-0.6403749238951583,-0.6303663999979516,-0.6201942292885395,-0.609876967838398,-0.5994307859715923,-0.5888719999419838,-0.5782164076529459,-0.5674786277033278,-0.5566721480202776,-0.5458094189053696,-0.5349019293733807,-0.5239604130948893,-0.5129960464291444,-0.502022222557703,-0.4910543945792444,-0.48010840518957276,-0.46919972014596406,-0.4583434629745702,-0.4475537888410047,-0.4368414862301353,-0.42621263666956954,-0.41567167859801163,-0.40522436329300016,-0.3948759414984497,-0.3846270446615333,-0.37447091155128986,-0.3643926510266823,-0.35436994749190526,-0.3443756673264549,-0.3343814111975652,-0.3243605124464248,-0.31429141078134726,-0.3041608445551881,-0.29396520290937345,-0.2837103448603896,-0.27340964593403694,-0.26308064920529417,-0.2527428476607083,-0.2424172611118446,-0.23212652368361908,-0.22189495826078998,-0.21174867075640108,-0.20171537789047175,-0.19182274337881064,-0.18209508608236893,-0.17255087793711388,-0.16320212605293818,-0.1540544935063771,-0.14510824129428251,-0.1363601586283161,-0.12780530660051675,-0.11943978112249357,-0.11126428185760343,-0.10328425533979914,-0.09550624163858222,-0.0879337707115137,-0.08056515950261428,-0.0733938833790192,-0.06641049923616535,-0.059604226907741094,-0.05296444565644853,-0.04648239234854186,-0.04015048263751864,-0.03395908824954987,-0.02789401239794635,-0.02193589020432217,-0.01606099371943367,-0.010243050766069474,-0.004453731761231052,0.0013387566161992682,0.007169345516312979,0.013072961655797261,0.01908124880313044,0.025220041555750253,0.03150808202522078,0.03795813269149425,0.04457849402838221,0.05137344846527548,0.058344258734599405,0.06549081806360606,0.07281142111995968,0.0803009501875091,0.08794992045983173,0.09574436317851014,0.10366579392187909,0.11169194791075016,0.11979953313602906,0.1279683762971703,0.13618336119564747,0.14443157668529039,0.15269921389603677,0.16097246056118442,0.1692378875820411,0.1774796976914311,0.18567740066707117,0.1938053227922015,0.20183359614218443,0.20973105514119422,0.21746833479775637,0.22501911685521858,0.23236018865173033,0.2394713766705876,0.2463354939350846,0.25293828505224275,0.259268371852644,0.26531720140840814,0.27107899556581655,0.2765507020451874,0.28173194718206584,0.2866249903027042,0.29123467988003204,0.2955684117117229,0.29963608776544665,0.30345008741981766,0.30702511041209396,0.3103760233298444,0.3135120345040692,0.31643177225363517,0.3191238748120748,0.32156996566848506,0.3237475896279292,0.3256336669686958,0.3272068364891939,0.3284479275481271,0.32933905332544977,0.32986185556448777,0.32999733997385966,0.3297275841275574,0.3290368094073187,0.327911492550367,0.32634036716283354,0.32431444128322967,0.3218270142717492,0.31887369786063163,0.3154524407092523,0.31156355624303395,0.30720975380034765,0.3023961730987303,0.2971304218923784,0.2914226170200195,0.2852854300497992,0.2787341287803853,0.2717866798143628,0.2644647181578395,0.2567952208620625,0.2488095619660652,0.24054019907276716,0.23202002201553146,0.22328367152711634,0.21436683054178593,0.20530454940976522,0.19613006219088333,0.18687393372257785,0.17756549935892565,0.16823589421288962,0.15891939737261457,0.14965204329572376,0.1404683713842988,0.13139835159758184,0.12246446747725327,0.1136783475056756,0.10503960730853772,0.09653917892777118,0.088164426368259,0.0799010952725039,0.07173314774179078,0.06364334160326128,0.05561263318593671,0.04761851887478906,0.039635036659019365,0.03163460007441949,0.023589715136437414,0.015474398993528753,0.007266144996690963,-0.0010527646311226356,-0.009495283648346755,-0.018071359508487303,-0.026790787139231272,-0.03566344219870723,-0.04469710150253356,-0.05389778664096172,-0.0632716337156613,-0.07282363102165028,-0.08255457321823334,-0.09245987182921271,-0.10253073682237913,-0.11275595724572496,-0.12312310822834721,-0.1336201832009276,-0.14423637578213216,-0.15495984777603589,-0.1657752747201791,-0.1766640200102458,-0.18760528278830518,-0.19857725688670064,-0.209556709816527,-0.22051478837243738,-0.2314138327329861,-0.24221020012390748,-0.2528592471284248,-0.26331857907728506,-0.27355120349893475,-0.28352861586665756,-0.2932320801680327,-0.30265233600378455,-0.3117879984414166,-0.3206436658247796,-0.32922855564000225,-0.33755462690561105,-0.3456349546015727,-0.35348326839167793,-0.36111406292687054,-0.36854375141236356,-0.37579221202751495,-0.3828818445409349,-0.38983417998011927,-0.3966678637234322,-0.4033990268026189,-0.41004106602839496,-0.41660441028947715,-0.42309801480451237,-0.42953058310933634,-0.4359106939598957,-0.44224672586699326,-0.4485468012004527,-0.45481872646460153,-0.4610699337806505,-0.46730742271758535,-0.47353770312697097,-0.4797667346105149,-0.48599988159762825,-0.49224164169303586,-0.4984939280138221,-0.5047530515357965,-0.5110090437049879,-0.5172482828130895,-0.5234557169836322,-0.5296153130228647,-0.5357100008365292,-0.5417216267262939,-0.5476309032921544,-0.5534173643769639,-0.559059312487203,-0.5645341925305388,-0.5698212189488111,-0.574906465207529,-0.5797859034096876,-0.5844643336247718,-0.5889527611788182,-0.5932652304194523,-0.5974169435818157,-0.6014245666753507,-0.6053059465702981,-0.6090803724292689,-0.6127706658294982,-0.6164029240272376,-0.6200026786154582,-0.6235902673702621,-0.6271784188514967,-0.6307740071405304,-0.6343824589655617,-0.6380118476837249,-0.6416732786275865,-0.6453766214909065,-0.6491270323953869,-0.6529256674296271,-0.6567721549904998,-0.6606676775513796,-0.6646168382434179,-0.6686258770769489,-0.6726998099484924,-0.6768413297867719,-0.6810507107352519,-0.6853257750978192,-0.6896618563142926,-0.6940517623068795,-0.6984857387446456,-0.7029514327053635,-0.7074338563695152,-0.7119153527227553,-0.7163755577284453,-0.7207913703941284,-0.7251363826324341,-0.7293791504589553,-0.7334823298019516,-0.7374051170522125,-0.7411085561677747,-0.7445607205115936,-0.7477380013212237,-0.7506234694116037,-0.7532062844449229,-0.7554831882553161,-0.7574590499270444,-0.7591432266931899,-0.7605454552767098,-0.7616763984148327,-0.7625505989305142,-0.7631879639707544,-0.7636136456421851,-0.7638562330736067,-0.7639443608685791,-0.7639041638526641,-0.7637592594195671,-0.7635324759801964,-0.7632464828585618,-0.7629222420657408,-0.7625776930892009,-0.7622275433371708,-0.7618832850995887,-0.7615531822588113,-0.7612427623428775,-0.7609564826402907,-0.7606986926021908,-0.7604722831140639,-0.7602771981514231,-0.7601102937084429,-0.7599665501958942,-0.75984097224073,-0.7597295898186207,-0.7596290941926891,-0.7595357351204854,-0.7594453107101017,-0.7593534963269093,-0.7592544219764991,-0.7591392569306114,-0.7589959328159928,-0.7588094037332537,-0.7585633325638559,-0.7582438548024604,-0.7578437913646963,-0.757364522676548,-0.7568148072253199,-0.7562091391586071,-0.7555664126498274,-0.754908035287724,-0.7542566794982077,-0.753636394368316,-0.7530740541770715,-0.7526011926335472,-0.7522547268790111,-0.7520762851069958,-0.7521095636875631,-0.752395947073974,-0.752969953732041,-0.7538573007629669,-0.7550780120357293,-0.7566504491301458,-0.7585902326922398,-0.7609077147828859,-0.7636099819859113,-0.7667041362127014,-0.7701981208075577,-0.774099711091336,-0.7784145835466401,-0.7831450583761426,-0.788289891646333,-0.7938442393141549,-0.7998000658309188,-0.8061477363948548,-0.8128770051291623,-0.8199756681543928,-0.8274279841172459,-0.8352144232157649,-0.8433127894768082,-0.8516998068902898,-0.8603506982552545,-0.869237358881394,-0.8783274951697004,-0.8875851419625721,-0.8969723162268313,-0.9064497902986214,-0.9159777009829347,-0.9255199698661342,-0.9350488158949477,-0.9445439762929003,-0.953989989664468,-0.9633751768076158,-0.9726915277706477,-0.9819346236516636,-0.9911035555681732,-1.0002008406756981,-1.0092323535015282,-1.0182070620173458,-1.0271354065988922,-1.0360259298894223,-1.0448824365755227,-1.0537030745096492,-1.0624808760990958,-1.0712061538346427,-1.0798689522679468,-1.088459024626739,-1.096965808794564,-1.1053800259511994,-1.113694726462526,-1.121904955127686,-1.130006106262118,-1.1379926503998994,-1.1458591722603437,-1.1536010921928623,-1.161213241019591,-1.168689450739281,-1.1760239644938677,-1.1832109841083507,-1.190241441940558,-1.1971005932783725,-1.2037692592092668,-1.210227190016879,-1.2164552079420543,-1.2224356146182809,-1.2281520230472653,-1.2335880358710463,-1.2387240549304805,-1.2435345236276274,-1.2479894162283933,-1.2520611439995912,-1.255731650183683,-1.258994141262682,-1.2618518969250412,-1.264316921998078,-1.2664079045279395,-1.2681475351946976,-1.2695593640578147,-1.2706662957252672,-1.2714914396423052,-1.272058819629245,-1.272394027279983,-1.2725259474417903,-1.2724873502160454,-1.2723122253294854,-1.2720315987280446,-1.2716714558206181,-1.2712531035874226,-1.2707929232059607,-1.2703026703904219,-1.2697921940486478,-1.2692717062751318,-1.2687522077940327,-1.2682445541985152,-1.2677575635590217,-1.267296748629567,-1.2668644048449405,-1.2664610407237666,-1.266087228338556,-1.2657443624891098,-1.265434024858797,-1.2651554850199471,-1.264903279051689,-1.2646683123634386,-1.2644408145413117,-1.2642117542230853,-1.263972991684547,-1.2637168890153354,-1.2634342564751933,-1.2631109133655976,-1.262725453288599,-1.2622497075711938,-1.261652609545603,-1.2609064249625341,-1.25999140705362,-1.2588972922705246,-1.257623073810357,-1.2561750379937908,-1.2545633492785302,-1.252799696770474,-1.2508967515533185,-1.2488682674476033,-1.2467300999954165,-1.2445019618788256,-1.2422071230488028,-1.239869316314019,-1.2375099279735153,-1.235147129102043,-1.2327952580209058,-1.230463159193305,-1.2281542607143947,-1.2258699461678864,-1.2236122992932428,-1.2213846018474765,-1.2191913158030576,-1.2170381085358015,-1.2149318673692346,-1.212880717792819,-1.2108940101131938,-1.2089815609634897,-1.2071519028156514,-1.2054119036909867,-1.2037682449720717,-1.2022271298059855,-1.2007911613536817,-1.1994569453037505,-1.1982158175853976,-1.1970555982330575,-1.195961899141874,-1.1949199074331578,-1.1939147938772146,-1.1929292004341858,-1.1919415187486315,-1.1909275652146016,-1.18986190439818,-1.1887178687777828,-1.18747069892737,-1.1861026929070795,-1.1846058358221918,-1.182981261434595,-1.1812362199446895,-1.179379744920149,-1.1774196147721712,-1.1753628834088872,-1.1732191614434047,-1.1710027599026107,-1.168731732675216,-1.1664262318837966,-1.164108057948219,-1.1618005804171259,-1.1595275053974916,-1.157309774209025,-1.1551625707766362,-1.1530942192735203,-1.1511065805016165,-1.1491967269895926,-1.1473593657397596,-1.1455898940301101,-1.1438868792145873,-1.1422519384201915,-1.140688530321049,-1.1392004707236933,-1.1377903967408936,-1.1364603504693245,-1.1352135362068363,-1.1340544061807487,-1.1329869181174776,-1.1320128932782536,-1.131130799652176,-1.1303349748720246,-1.1296160872196082,-1.1289610201767644,-1.1283529473348377,-1.1277738670236732,-1.1272065097321549,-1.1266326168449738,-1.126030371444867,-1.1253753328071991,-1.1246445757801475,-1.1238213258649055,-1.1228979724027353,-1.121875519638405,-1.120760327636891,-1.119561003782044,-1.1182860277122222,-1.1169428171464713,-1.1155391112183415,-1.1140844368776441,-1.112590406628577,-1.111070720009957,-1.109540905081771,-1.1080161451898474,-1.106505875327098,-1.1050089982664855,-1.1035157820025032,-1.1020141916308186,-1.1004937381464406,-1.0989461123472597,-1.0973653699676578,-1.0957492451781317,-1.094100720631513,-1.0924274367908118,-1.0907399572661238,-1.0890511068383602,-1.0873759776991887,-1.0857318568041272,-1.0841372586411149,-1.0826100440115396,-1.0811659903075914,-1.0798172942316442,-1.078570716658184,-1.0774267504145205,-1.0763795933638114,-1.075417876205611,-1.0745272931407213,-1.0736938721438005,-1.0729046409652732,-1.0721461654798639,-1.0714046910931228,-1.0706678961374727,-1.069926231200704,-1.0691745944648285,-1.0684134501466116,-1.067647549563353,-1.066883520375759,-1.0661277447375148,-1.0653861825482573,-1.0646658147439403,-1.0639746837350283,-1.0633219803330485,-1.062720130582674,-1.0621849839318096,-1.061732346995819,-1.0613748900643225,-1.061122013299687,-1.0609799975424232,-1.0609517269587676,-1.0610387419074492,-1.0612436788009187,-1.0615693160275061,-1.0620157244905257,-1.062580197392845,-1.0632593287377368,-1.0640482792488015,-1.0649379159481267,-1.0659144864517618,-1.0669625568651537,-1.0680680069335966,-1.0692186958626146,-1.0704029472525076,-1.0716077501245227,-1.0728175008105822,-1.0740130485760546,-1.0751730013814442,-1.0762766710453817,-1.0773055819038786,-1.0782436435890739,-1.079076799694301,-1.0797910717218893,-1.0803691289560826,-1.0807879351849363,-1.0810189994605903,-1.0810311745173622,-1.0807950925792833,-1.0802877871520538,-1.0794959948573382,-1.0784173847861571,-1.0770602800945703,-1.07544159667744,-1.0735828270555112,-1.0715060559234397,-1.069232709269142,-1.066785045362443,-1.0641875418476487,-1.0614671471307175,-1.0586532890260212,-1.0557775518804724,-1.0528717262026754,-1.0499644027958592,-1.0470792976772405,-1.0442372334733545,-1.0414585754235208,-1.0387621191759624,-1.0361623223347172,-1.0336694229049663,-1.0312922692727688,-1.029039676914261,-1.026919502385487,-1.02493801746763,-1.0231005730194187,-1.0214125499895612,-1.0198780320636331,-1.0184968725633603,-1.0172632095432403,-1.016165320145153,-1.0151856446883925,-1.0143007993022222,-1.0134815967800272,-1.0126937379313623,-1.0119003975340188,-1.0110655409276694,-1.010154550693107,-1.0091316281214606,-1.0079582298452037,-1.006594828192364,-1.0050025385610744,-1.00314477622232,-1.0009917535504569,-0.9985243618657854,-0.9957343207362407,-0.9926223270196057,-0.9891965730303078,-0.9854713374862661,-0.9814651203688745,-0.9771996796840865,-0.9726999730828443,-0.9679941884782637,-0.9631130945987489,-0.9580874458579736,-0.9529437416077491,-0.9477007569006342,-0.9423691762449374,-0.9369533422910002,-0.9314526672478902,-0.9258636727937702,-0.9201834382768347,-0.9144120863402647,-0.9085534231091662,-0.9026149256281439,-0.8966067079742246,-0.8905387526124199,-0.8844190229117631,-0.878254126198161,-0.8720505963353915,-0.8658165838199857,-0.8595631209166288,-0.8533024054497715,-0.8470444268253332,-0.8407951762116521,-0.8345574039728294,-0.8283324030489297,-0.8221199570270243,-0.8159166461829442,-0.8097149724274986,-0.8035033516699946,-0.7972661767978472,-0.7909838721830103,-0.784633010431458,-0.778187550001176,-0.771623146603004,-0.7649232601577232,-0.7580818708041507,-0.7511014204680504,-0.7439902393698674,-0.7367618088164596,-0.7294341284286218,-0.7220280258244443,-0.7145666098389709,-0.7070768810241657,-0.6995910944745102,-0.6921467643852522,-0.684784992452317,-0.6775467567699025,-0.6704682547073613,-0.6635774369964845,-0.6568943376242685,-0.6504340583448773,-0.64420865494632,-0.6382274499741241,-0.6324972947939849,-0.627023968573777,-0.6218137316263541,-0.616872660295111,-0.6122049582574762,-0.6078123809127022,-0.6036942710830909,-0.599847595226719,-0.596266980425771,-0.5929447493511464,-0.5898709510757132,-0.5870333993158843,-0.5844176906231032,-0.5820082589262031,-0.5797917632016089,-0.5777589587800113,-0.5759018870757086,-0.5742098854912501,-0.5726661814668799,-0.5712462787438986,-0.5699199483683577,-0.5686543551647167,-0.567417030131872,-0.5661793635322215,-0.5649189222302753,-0.5636199723078696,-0.5622734893636481,-0.5608771749912917,-0.5594354679322544,-0.5579595547836129,-0.5564673784920308,-0.5549836455118426,-0.5535398333882275,-0.55217417902214,-0.5509308478637354,-0.5498562964807692,-0.5489930770854061,-0.5483751542351845,-0.5480277382533244,-0.5479703806827145,-0.548220188991515,-0.5487942934995429,-0.5497110750747063,-0.5509890075337335,-0.5526449893527826,-0.5546929891782221,-0.5571422928620223,-0.5599973872909872,-0.5632596582174836,-0.5669283937524797,-0.5710008457816961,-0.5754721835472171,-0.5803348026524254,-0.5855758008941095,-0.5911745037326045,-0.5971035035982971,-0.6033315717605686,-0.6098250422695993,-0.6165479093438607,-0.6234617717128837,-0.6305257881902492,-0.6376966261366988,-0.6449284473083744,-0.6521737229409204,-0.6593860838627863,-0.6665246024286016,-0.6735569641844005,-0.6804591519398779,-0.6872122036982414,-0.6937998429873824,-0.7002092277227213,-0.7064319350660982,-0.712461951357673,-0.7182931911472328,-0.7239205472102567,-0.729342787178189,-0.7345639347333441,-0.739593063037227,-0.7444423760275712,-0.7491237600599726,-0.7536462712340513,-0.758015486604031,-0.7622334535720322,-0.7662987434751763,-0.770207627551028,-0.7739571354877213,-0.7775480508773184,-0.7809860195841944,-0.7842811610345981,-0.7874458665929249,-0.7904913183294198,-0.7934253451070086,-0.796252848254221,-0.7989775387017339,-0.8016020900108511,-0.8041264087608683,-0.8065465534171943,-0.8088542086479891,-0.811035584435527,-0.8130724926367383,-0.8149469585130046,-0.8166447851017956,-0.8181552634060426,-0.8194681762932243,-0.820570630258891,-0.8214460164286482,-0.8220756590798128,-0.8224426442309871,-0.8225359877626942,-0.8223523750452707,-0.8218948516248483,-0.8211703122374532,-0.8201863927898086,-0.8189494338855785,-0.8174647506975157,-0.8157364948008601,-0.8137677955746301,-0.8115633619003164,-0.8091319073986557,-0.806486769425626,-0.8036458609253895,-0.8006306453669932,-0.7974630250363625,-0.7941610093201055,-0.7907358120161282,-0.7871925548127112,-0.7835340482579672,-0.779765003341817,-0.7758944294210814,-0.7719361995171972,-0.7679089954797185,-0.7638351914733841,-0.7597378373555014,-0.7556376053204784,-0.7515516265056083,-0.747493423580475,-0.7434734462077317,-0.739500771611318,-0.7355840843046918,-0.7317304210576859,-0.7279447010721122,-0.7242311962680565,-0.7205936072060145,-0.717033358633845,-0.713548635783783,-0.710134334726517,-0.7067821018625001,-0.7034803618412847,-0.7002143934467212,-0.6969674311636007,-0.6937247767958707,-0.6904799014194775,-0.6872373968937346,-0.6840110451889582,-0.680821138554019,-0.6776936336497728,-0.674659518274898,-0.6717523386651714,-0.669004811697818,-0.6664471027607554,-0.6641078326381813,-0.6620167962527616,-0.6602050131767717,-0.6587010091396148,-0.6575284423884129,-0.6567054139933568,-0.6562440384126906,-0.6561517483295903,-0.6564328128346847,-0.6570886563098465,-0.6581180189546308,-0.6595184791775854,-0.6612897358622514,-0.663435961308414,-0.665964527977366,-0.6688825727497254,-0.6721947520460693,-0.6759027543041521,-0.6800052783593802,-0.684498000183118,-0.6893735340155576,-0.6946214144546353,-0.7002276773191068,-0.7061737229751714,-0.7124366962170504,-0.7189915968447602,-0.7258115915955679,-0.7328677936729867,-0.7401306199303966,-0.74756988110361,-0.7551529943102449,-0.7628442133973887,-0.770606394557721,-0.7784048818529883,-0.7862115364641434,-0.7940061665266344,-0.8017750788648262,-0.8095095807746222,-0.8172054571273418,-0.8248616887651692,-0.8324787725283687,-0.8400591564778936,-0.8476084648999902,-0.8551345140101753,-0.8626462488194474,-0.8701549306497329,-0.8776745582372546,-0.885219175329319,-0.8927998064771107,-0.9004243540117705,-0.9080989579976801,-0.9158273271524856,-0.9236089271314161,-0.9314388974283306,-0.9393104563719094,-0.9472172829637864,-0.9551523962568502,-0.9631051219713881,-0.9710598081209534,-0.9789972630121341,-0.9868980370856332,-0.9947450231009365,-1.0025241527894242,-1.0102243550391503,-1.0178374274765103,-1.0253570379615389,-1.0327769145669974,-1.0400906867211122,-1.0472935553756841,-1.0543829293203486,-1.0613565138915555,-1.0682088234471745,-1.0749293961605877,-1.081504667062092,-1.0879204138310288,-1.0941618600374372,-1.1002148129675842,-1.10606897069731,-1.1117186873076668,-1.1171612730458904,-1.122396097243068,-1.1274245034233563,-1.1322497666966422,-1.1368770479765402,-1.1413133552080144,-1.1455674814631065,-1.1496501816741016,-1.1535751843997473,-1.1573589409721616,-1.1610165719909114,-1.1645580567038085,-1.1679892407188586,-1.1713159816157641,-1.174547778237617,-1.1776974031874476,-1.180776197674807,-1.1837899576099473,-1.1867392048202485,-1.1896220323510298,-1.1924351570781226,-1.1951734553849664,-1.1978311307937344,-1.200403206568323,-1.2028849527273924,-1.2052701030324848,-1.207550790435165,-1.2097189790849274,-1.2117660369248644,-1.213681390738469,-1.215453365859683,-1.2170702293938587,-1.218518923634369,-1.2197835103552124,-1.2208449453891692,-1.221682209284515,-1.2222742131799995,-1.2226008600883675,-1.2226431495463634,-1.2223836562720092,-1.2218088051723477,-1.2209123228606946,-1.2196972335651985,-1.2181753075452886,-1.2163651732862768,-1.2142908752254389,-1.2119803936616265,-1.2094637837228106,-1.2067723118928428,-1.2039384151026649,-1.2009957239551574,-1.1979790292394532,-1.194923327506523,-1.1918609313945105,-1.1888184506779602,-1.1858169193237622,-1.1828749549955422,-1.1800111981366213,-1.177243130503371,-1.1745843006715186,-1.1720445212838275,-1.169631986581286,-1.167353293284965,-1.165212241117222,-1.1632083967633111,-1.1613354896514911,-1.159582237859807,-1.1579352207489941,-1.1563798124256364,-1.1548997919492003,-1.1534786545036952,-1.1521010632288002,-1.1507521813902668,-1.1494159538413258,-1.1480752115811543,-1.1467134441932814,-1.1453153596234098,-1.1438648802057914,-1.1423423254789948,-1.1407247169657233,-1.1389895585029848,-1.1371185650841915,-1.1350994929650173,-1.13292737755884,-1.1306048402728783,-1.1281397731691247,-1.1255427392668642,-1.1228261933559047,-1.1200044762476125,-1.1170938917153366,-1.1141136308888873,-1.1110875557038797,-1.1080441898496605,-1.1050134994084044,-1.1020228881261425,-1.0990962408505152,-1.0962559999567838,-1.0935232817911493,-1.0909150384770891,-1.0884421114464442,-1.0861099596917199,-1.0839216707657051,-1.081881128312732,-1.0799940112469633,-1.078266475049344,-1.076703318639611,-1.0753067204158244,-1.0740751918488245,-1.0730045102432666,-1.0720897602032968,-1.0713253490535557,-1.070704955029504,-1.0702216921875283,-1.0698662206663279,-1.0696255757785669,-1.0694841242205075,-1.0694242167240433,-1.0694262118474345,-1.0694684790983269,-1.06952742515998,-1.0695773141163498,-1.0695892915114769,-1.0695308235936405,-1.0693666030177205,-1.0690602436524044,-1.068578209912197,-1.0678942634218727,-1.0669895036179189,-1.0658494065843291,-1.064462250504576,-1.0628200581577958,-1.0609202741070662,-1.058765411485131,-1.0563613069805204,-1.053716344849874,-1.05084144794924,-1.0477500575021252,-1.0444572348557228,-1.040976720426854,-1.0373165847360037,-1.033476575054927,-1.0294512496558716,-1.0252362401903377,-1.020829532314619,-1.016229388143569,-1.0114356040109642,-1.0064529010096552,-1.0012918571858784,-0.9959663122732529,-0.9904904339055033,-0.9848784564723512,-0.979144756743879,-0.9733014381823747,-0.967355850604533,-0.9613099613424769,-0.9551611474317055,-0.9489039944196664,-0.942530935282382,-0.9360317953428319,-0.9293945248028473,-0.9226064903835172,-0.9156557528876419,-0.9085309127981032,-0.9012184653404893,-0.8937013193221828,-0.8859609076297028,-0.8779797699631338,-0.8697427855777234,-0.8612402640037315,-0.8524714827577956,-0.8434450647561602,-0.834177909443007,-0.8246930439458103,-0.8150156575427133,-0.8051699515611794,-0.7951789799038055,-0.7850649312249974,-0.7748488864748487,-0.7645528195701266,-0.7542025179918258,-0.7438279902806157,-0.7334595166248703,-0.7231214387057722,-0.7128301189057046,-0.7025964459826375,-0.692427806345643,-0.6823286079368687,-0.6723017313906742,-0.6623518347597992,-0.6524879996424265,-0.6427228414781101,-0.6330692222175199,-0.6235385887953997,-0.614142241642949,-0.6048920835623043,-0.5957991677903461,-0.5868724467156841,-0.578118651052522,-0.569542078842232,-0.5611431798705924,-0.5529177626896581,-0.5448597119646849,-0.5369644211623682,-0.5292297141656859,-0.5216539154637483,-0.5142312099326326,-0.5069486872976452,-0.4997881429948197,-0.4927285781463331,-0.4857461442567024,-0.4788151520242297,-0.4719126581367813,-0.46502232290480283,-0.4581353449794756,-0.4512505156934796,-0.44437412075149535,-0.4375185101111442,-0.4306988924894312,-0.42393058499876446,-0.4172281833047136,-0.41060619094238365,-0.4040815018143492,-0.397675976085636,-0.3914154521120383,-0.38532560214513023,-0.3794275775665535,-0.3737364680917494,-0.3682631903040724,-0.36301564091260735,-0.35799829813853745,-0.35321337440569167,-0.34866247752699403,-0.3443470843970613,-0.34026856844814546,-0.33642824075555083,-0.3328273837165236,-0.3294672842926613,-0.3263492645754298,-0.32347471039773473,-0.3208451016895109,-0.3184619967536818,-0.31632621985791115,-0.3144361209529572,-0.3127873098238063,-0.3113743486580086,-0.3101918935038545,-0.3092348408172442,-0.3084978855627939,-0.30797335878345444,-0.3076484728999547,-0.307505754314988,-0.3075259898760641,-0.3076901128333562,-0.3079807956579358,-0.3083853733199744,-0.3088971009000125,-0.30951281989444906,-0.31023088687060435,-0.31105211044786435,-0.31198068928899914,-0.3130228445703465,-0.3141853443672643,-0.3154751750118873,-0.3168997584101552,-0.31846827906823927,-0.3201928371071088,-0.32208575558086266,-0.32415440290742525,-0.32639889471837064,-0.32881413230516654,-0.3313930636278603,-0.3341273772447,-0.3370059987396088,-0.34001540514284356,-0.3431427477557799,-0.3463782177673224,-0.349714284956601,-0.3531439337275288,-0.356659337736507,-0.3602500885958564,-0.36390255462188725,-0.3676003613309434,-0.3713239069355723,-0.37505075028041074,-0.37875695336923065,-0.38241682923009696,-0.3860033694083044,-0.3894904064856496,-0.3928537034300522,-0.3960715022623902,-0.39912350028152177,-0.4019873156926269,-0.4046358479195163,-0.4070362236892943,-0.4091517659808619,-0.4109480153812654,-0.4123969099333232,-0.4134762071385412,-0.414168696251183,-0.4144626079011728,-0.4143501152257516,-0.4138258819633872,-0.4128887400555594,-0.41154262738043235,-0.40979413679062665,-0.40765061872628366,-0.4051212598471392,-0.40221792588940436,-0.3989536371808503,-0.39534014278236307,-0.3913859749205616,-0.387096617825829,-0.3824762864055363,-0.3775288807819791,-0.37225808417730843,-0.36666739820328464,-0.3607601884696501,-0.3545397294615756,-0.3480092654312213,-0.34117191244202383,-0.33402925412684914,-0.3265784432647433,-0.318811250709092,-0.31071660789777783,-0.3022831358012816,-0.2934998578179578,-0.2843562201353736,-0.27484123229309537,-0.26494194263995363,-0.2546445943882219,-0.2439380748096215,-0.23281467686668875,-0.22126811202883126,-0.2092906881929905,-0.19687056081145315,-0.18399142288512538,-0.17063377380739297,-0.15677661770463497,-0.1424018612498128,-0.12750047505442205,-0.1120752162681791,-0.09613821867994915,-0.07970694709096568,-0.06280236811878666,-0.04545017797767612,-0.027681745354800724,-0.009532691748059395,0.008959417605871565,0.02775687306074277,0.04682175783589315,0.0661157969501634,0.08560266312609205,0.10525086281909597,0.1250359565990454,0.14494130364054103,0.1649564982915297,0.18507576959180158,0.20529737165039483,0.2256219484690098,0.24604939535744408,0.26657770752688403,0.28720530151585744,0.30793328155761174,0.3287658792103883,0.3497102742907075,0.3707764141020658,0.3919768283818715,0.41332644446532074,0.4348423962331645,0.4565438429752855,0.4784513526638573,0.5005845639675425,0.5229592066845521,0.5455872569466661,0.5684797650361758,0.5916494539707304,0.6151125085698474,0.6388883124312235,0.6629974978495324,0.6874607814900489,0.7122981993187366,0.737526656182863,0.7631569600910931,0.7891933390443894,0.8156344152470648,0.8424743626557784,0.8697045722514645,0.8973145533642668,0.9252918312674752,0.9536217030881319,0.982286468558759,1.0112634979284647,1.0405241073188278,1.07003479938981,1.0997595949162726,1.1296629128132167,1.1597111444880526,1.189872039914107,1.2201150898817605,1.2504130202173722,1.2807422300002853,1.3110818452502344,1.341411709143706,1.3717115905317294,1.4019625148675117,1.4321477696625884,1.4622528122316913,1.4922653467444646,1.5221766094600402,1.551981830260154,1.5816771921867567,1.6112570874689618,1.6407148463213106,1.6700439205551523,1.699237898042747,1.7282902355866703,1.7571940119627967,1.7859416796708112,1.814524819143669,1.842934503746254,1.871163521350446,1.8992095527573332,1.9270765775834773,1.9547726136215255,1.9823046606495476,2.0096756419850696,2.0368848046796453,2.0639282888111783,2.0907989490367496,2.117486116910831,2.1439753736620486,2.1702483235216605,2.1962823737834705,2.2220505016453918,2.2475212704263563,2.2726603132671688,2.29743347043978,2.3218097020428416,2.345763878828754,2.3692792737381363,2.3923467309643094,2.4149616149724533,2.437123040251708,2.4588351539541184,2.4801067440705022,2.5009492886013587,2.521375896617597,2.541401075957191,2.5610405566438827,2.580311112409934,2.5992303848227367,2.6178167157028915,2.636088960922061,2.6540665741514418,2.6717708348355127,2.689226144002156,2.7064590638468,2.7234964456729913,2.740364702451736,2.757089642463817,2.773696426556097,2.790210514045106,2.8066592020743752,2.8230712476746307,2.8394749658475553,2.85589676170916,2.8723587422525396,2.888875787245224,2.905455132065401,2.9220983251353974,2.938804204735489,2.955570780300588,2.972394539894417,2.989269401699638,3.0061864588472567,3.023133849151034,3.040096606195969,3.0570565570245196,3.0739931015773045,3.0908859144142053,3.1077180451040274,3.124477218659962,3.141155859543805,3.1577505762442604,3.17426000916476,3.1906812535382456,3.207007401450535,3.2232268909172714,3.2393233627914233,3.2552756507203027,3.2710589989315846,3.286648116116371,3.3020199689857956,3.317154658265864,3.3320353447133217,3.3466481192464,3.3609818786310983,3.3750281997782947,3.3887812326176956,3.402237418063345,3.4153941207303995,3.428248201662392,3.440797853210035,3.453045617873012,3.4649980748366485,3.4766640747646704,3.488054135594114,3.4991802570475037,3.5100546377864896,3.5206864938115823,3.531079154448136,3.541230541503031,3.5511363635150475,3.560792621371827,3.57019621709423,3.5793448803760968,3.588237088730336,3.596871988831698,3.605249319461784,3.6133693409098586,3.621232750851913,3.628840986112866,3.636198186947521,3.643314543627872,3.6502071200581163,3.6568959260437057,3.6633999183142123,3.6697368087454736,3.6759240415855023,3.6819789348368537,3.6879186024145287,3.6937599011086597,3.699519373430111,3.705213190981281,3.710857108718121,3.716466329726785,3.7220544538193763,3.72763169495827,3.7332048623430145,3.738779050366988,3.744358554018425,3.749946891522858,3.75554674788712,3.7611599223160113,3.7667873338774545,3.7724300137107587,3.7780918669737753,3.7837814112125625,3.789509844745541,3.7952882137252377,3.801126374597085,3.8070323607857777,3.8130100116044825,3.819056242581659,3.8251608483932213,3.831307661915631,3.8374759138121735,3.843642078286898,3.8497808990033775,3.855865455411762,3.8618671063792926,3.8677554488681096,3.873498270642091,3.8790615678808216,3.884410545593531,3.8895125303453,3.8943401081274636,3.8988721397852646,3.9030920818189,3.906984563648234,3.9105333429240403,3.9137229367444153,3.916541250823774,3.918979774635398,3.9210333634565684,3.922700533753065,3.9239815012527326,3.9248753446212117,3.925379325139638,15,Male,45,124,178,89
3.9254968252671203,3.925235014838107,3.924551206680162,3.923451549796746,3.9219491334838175,3.920062783138836,3.9178134307099155,3.915220649555515,3.912302066082098,3.909076012898453,3.905565525447319,3.9017994410966823,3.8978092902822326,3.8936256776111833,3.889276491478153,3.884785013487736,3.880168634708439,3.875440271651121,3.870609045035683,3.8656786843542355,3.860647660656738,3.855511277605953,3.8502627376838663,3.8448932098465733,3.83939093783661,3.8337392567032795,3.827916402504104,3.8218978803414925,3.8156598637061085,3.8091833557741994,3.802456310498102,3.7954722203113134,3.788228307961219,3.7807239133296813,3.772958344352106,3.7649297964282615,3.7566353334617544,3.7480710232038916,3.7392330114714945,3.7301196340935725,3.720731908779705,3.711073189186948,3.701149821749314,3.6909708335026887,3.6805481085782916,3.669897771969195,3.6590403941999208,3.6479983026040252,3.6367915771063792,3.62543817755513,3.613957911908244,3.602375294260505,3.5907201174741146,3.5790263433834926,3.567329981275502,3.5556675383290064,3.544073707101037,3.532577444017839,3.5211993832627226,3.509951386067607,3.4988366601634366,3.487849856742161,3.4769775659173114,3.4662007403644726,3.4554981534785782,3.4448471641921015,3.43422363212498,3.423603845394464,3.4129660881904944,3.402290946307211,3.3915614070456592,3.380762976767072,3.3698837883069257,3.358914723856121,3.3478493338659523,3.3366821860895612,3.3254051057647174,3.3140046653396142,3.3024641024906813,3.290767454958808,3.2789019515363758,3.2668584959847315,3.2546317901066404,3.2422200259322347,3.2296231783722584,3.216841819474242,3.203878720326928,3.1907405895533634,3.1774370286232374,3.163976891443233,3.150365471684875,3.1366059935213433,3.122703754673568,3.108668783368224,3.0945164581868854,3.0802674242441475,3.0659455458233995,3.051571961325131,3.0371587279097927,3.0227080838275078,3.008214993360471,2.993667422969971,2.9790466437848924,2.964329369494325,2.9494890672716356,2.9344961946685704,2.9193184014283173,2.903921691566973,2.8882726295137973,2.8723386184738953,2.8560864258862253,2.839482961477467,2.822497505703864,2.805103460910918,2.7872806065955356,2.7690153934444948,2.750296403343439,2.731109132902518,2.7114361220484833,2.691261682265553,2.670575969803046,2.6493745059127716,2.6276561547547055,2.6054237916969964,2.582685613436871,2.5594549802370206,2.535749372800964,2.511590661992606,2.487005548053808,2.4620239878386956,2.4366779670042553,2.4110015458413008,2.385031118818116,2.3588063627786946,2.332372508731438,2.305781173527954,2.2790875210474097,2.2523465622177707,2.22560950773791,2.198918675399359,2.172305448736684,2.14579320984144,2.119399878724784,2.093138537664421,2.0670176796267192,2.041041469878009,2.015210001991144,1.9895195615099943,1.9639628121486965,1.9385279178809407,1.9131970011580908,1.8879483309874034,1.8627625147939242,1.8376263136382596,1.8125310459706852,1.7874689130426178,1.7624321848239557,1.7374151045365784,1.7124140123349014,1.6874250953123717,1.6624417935668916,1.6374537492446075,1.6124485783761424,1.5874138401319366,1.56233763204759,1.5372088273522235,1.512017332911141,1.4867543438327584,1.461412598592189,1.4359866316279326,1.4104730320244947,1.384870681983852,1.3591813688325063,1.3334117769531368,1.3075752276222767,1.2816906346497048,1.2557809123271892,1.229872800283204,1.203996874610923,1.1781858564325591,1.1524704160055896,1.1268744930582821,1.101413626382696,1.0760967953666234,1.050928319555732,1.0259086723483362,1.0010367024691544,0.9763133232604737,0.9517421420451423,0.9273264096692939,0.9030668932322914,0.8789619062777836,0.8550090029742277,0.8312070467171863,0.807555726332209,0.7840544715758372,0.7607040714227732,0.7375087088485451,0.7144764037251932,0.6916174869683998,0.6689409667082532,0.6464520905366808,0.6241536183938967,0.6020479670797475,0.5801379527026653,0.5584269950878776,0.5369193541416152,0.5156199204104147,0.49453260857690184,0.47365923653002684,0.45300118512191573,0.4325613621079034,0.41234477892574756,0.3923587370271271,0.37261303147934843,0.35312014808228476,0.3338954584597553,0.31495740549338996,0.2963276966703942,0.2780312885104289,0.2600943975179671,0.24253907923029022,0.2253787260549858,0.2086186486654794,0.19225908794953603,0.1762977481189279,0.16072878453425837,0.14553940559803605,0.13071160192030018,0.11622701318306035,0.10206587176722727,0.08820296534991307,0.07460870086141694,0.061254054797958,0.048114533678526535,0.03517110455369276,0.022407899341364255,0.009809159153243926,-0.0026400279011808353,-0.014951502601308102,-0.02713568705827484,-0.03920480369820971,-0.0511735211204598,-0.06305700289725506,-0.07486961982988771,-0.08662630090676927,-0.09834285803652383,-0.11003419895895207,-0.12171450204105437,-0.13339863273662803,-0.14510100737905623,-0.15683345715240116,-0.16860362066493775,-0.1804140275011873,-0.19226418179422008,-0.20415372723197392,-0.21608354324901496,-0.2280549700425324,-0.24006674084675841,-0.2521108855166578,-0.26417075487671504,-0.27622264059085955,-0.28824155575981736,-0.30020830949058436,-0.3121125278811848,-0.3239503555263422,-0.33572146408214937,-0.3474289756688334,-0.35907873831451653,-0.37067552762234335,-0.38222083835763904,-0.3937157905281198,-0.4051639473668005,-0.41657002839330715,-0.42793820368682994,-0.4392714046261108,-0.4505695523599045,-0.4618278602699497,-0.4730378993707852,-0.4841893013188386,-0.4952690171859409,-0.5062591738878723,-0.5171374266812111,-0.5278805771634422,-0.5384676229499447,-0.5488804680749152,-0.5591028898084195,-0.5691182419544802,-0.5789078140675837,-0.5884504881304456,-0.597722663980995,-0.6066981639389447,-0.6153481855289876,-0.6236422965969299,-0.6315515575263454,-0.6390508559812709,-0.6461181842112913,-0.6527330944067858,-0.6588746420813867,-0.664519324160381,-0.6696404229958844,-0.674208105413472,-0.6781912462732198,-0.681563109330416,-0.6843085632341632,-0.686427460016746,-0.6879325463940499,-0.6888454520735786,-0.6891944046001602,-0.6890122347657546,-0.6883329286215893,-0.6871905941419922,-0.6856224832878802,-0.6836707693693974,-0.681379930341916,-0.6787928789852794,-0.6759492039093309,-0.6728849865495518,-0.6696328272764622,-0.6662218844256022,-0.6626787606925463,-0.6590296775150027,-0.6553023436110121,-0.6515274197759452,-0.6477391318386329,-0.6439741818616328,-0.6402702799533053,-0.6366639759963757,-0.6331878297401127,-0.6298678164108448,-0.6267219299791005,-0.6237604282120475,-0.6209876869528788,-0.6184042920267426,-0.6160077425479059,-0.6137924740869829,-0.611749903125108,-0.609868141833528,-0.6081303567881117,-0.606513202510133,-0.6049880039446263,-0.6035226740971421,-0.6020823670667323,-0.6006310170995361,-0.5991351018537603,-0.5975670666769664,-0.5959064547237927,-0.5941399742120803,-0.5922615207425372,-0.5902720489969489,-0.588178247057013,-0.5859906622838784,-0.5837237899515894,-0.5813962766639956,-0.5790304817659999,-0.5766539426883854,-0.5742996581425863,-0.5720012613143849,-0.569786003742558,-0.5676723003510337,-0.5656732486462748,-0.5638013788683215,-0.5620702697875902,-0.5604939926039181,-0.5590875864528619,-0.5578666060466168,-0.5568451004772408,-0.556034666539262,-0.5554444167518111,-0.5550809869573401,-0.5549485395913977,-0.5550487647767305,-0.5553808802918899,-0.5559416296181598,-0.5567252765371868,-0.557723601375832,-0.5589258999001303,-0.5603189603219931,-0.561887324107637,-0.5636148832219208,-0.5654865359258977,-0.5674877892250889,-0.5696039458579683,-0.5718183544354012,-0.574111803537974,-0.5764680857921544,-0.5788803690327669,-0.5813517840683893,-0.5838934358550709,-0.5865236708088123,-0.5892679274623485,-0.5921572441032769,-0.5952245332244546,-0.5985010824107312,-0.6020153496814153,-0.6057936102591517,-0.609862837488529,-0.6142534075661502,-0.6189973414560035,-0.6241230708675803,-0.6296505199899586,-0.6355895861102667,-0.6419412782008629,-0.648699282590753,-0.6558533420677614,-0.6633940952152739,-0.6713150976895073,-0.6796102233557376,-0.6882705375694053,-0.6972840900796011,-0.7066378504778366,-0.7163182389083571,-0.7263091648933198,-0.736590550263011,-0.7471380697277812,-0.7579230633185662,-0.7689124735331742,-0.7800697907019782,-0.7913583128472426,-0.802744582005642,-0.8141983465778867,-0.8256904040208201,-0.8371909193518958,-0.8486680882856813,-0.8600891758198759,-0.8714226827332994,-0.8826381065564927,-0.8937066228821441,-0.9046047453955653,-0.9153166779696076,-0.9258329634827348,-0.9361485422911984,-0.9462620340035736,-0.9561742552226297,-0.965886247417452,-0.9753998103268232,-0.9847194182234082,-0.9938519864213379,-1.0028036171657606,-1.0115756278281847,-1.020162673517778,-1.0285524445641074,-1.0367266174152983,-1.0446659483493645,-1.052357382663125,-1.0597955323809591,-1.0669795704602003,-1.073911109916449,-1.0805919415180962,-1.0870205407468,-1.0931916539776048,-1.0990995461555544,-1.1047402799862007,-1.1101120482761369,-1.115215118645881,-1.1200513848365887,-1.124621969426681,-1.1289231593726199,-1.1329446186443088,-1.1366709952106324,-1.1400835146207857,-1.1431599227383702,-1.145872797935054,-1.1481873659899695,-1.150060661980011,-1.1514424878758738,-1.152278680802339,-1.1525151177698605,-1.1521014922029935,-1.1509970473219393,-1.149174755801955,-1.1466191373888717,-1.1433243488435905,-1.13929732610069,-1.1345581255118586,-1.1291344890561372,-1.1230572740017246,-1.1163593041102389,-1.1090754217261976,-1.1012435063232222,-1.092906442647705,-1.0841108239633594,-1.0749015939541482,-1.0653197388606452,-1.0554045863370074,-1.0451939040330296,-1.0347216639103995,-1.0240193135854292,-1.013119307498577,-1.0020567844662056,-0.9908698040592511,-0.9795988079534724,-0.9682847303584567,-0.9569682288898234,-0.9456913825796964,-0.9344976991095314,-0.9234282838632211,-0.9125168663281283,-0.9017874039543413,-0.8912554562718809,-0.8809301258063055,-0.8708145954957093,-0.8609062150701778,-0.8511966061933751,-0.8416717611094777,-0.8323121388449115,-0.8230927640927096,-0.8139834212280155,-0.8049503254379964,-0.795961576802542,-0.7869942087516952,-0.7780364605648483,-0.7690841610310016,-0.7601352776774825,-0.751186658098727,-0.7422353541176447,-0.7332806675098528,-0.7243238823133031,-0.7153691980967044,-0.706425805797974,-0.6975077091429965,-0.688630693217625,-0.6798098507729634,-0.6710598862480934,-0.66239502076021,-0.6538293996778924,-0.6453796097483394,-0.6370643360865172,-0.6289011352871727,-0.6209058243643246,-0.6130942317665251,-0.6054818369261903,-0.598081794139729,-0.5909041617002229,-0.5839559540451855,-0.5772412097990636,-0.5707610607637935,-0.5645137934649548,-0.5584949198803859,-0.5526966507636651,-0.5471059926658671,-0.541703851532447,-0.5364667889753397,-0.5313688768708517,-0.5263835311041348,-0.5214853071111427,-0.5166490832243326,-0.5118489171472423,-0.5070594941705786,-0.5022570500900256,-0.49742047390104405,-0.49253566475536736,-0.4875982142692399,-0.4826124919789667,-0.4775909070803539,-0.47255284469751163,-0.46752149405511056,-0.46252151857361085,-0.4575794182271734,-0.4527228308019983,-0.4479785641625861,-0.4433726985814666,-0.4389325679577453,-0.4346859040994004,-0.43065557765194035,-0.4268567222511487,-0.42329931836272483,-0.41999119711425476,-0.416938783747935,-0.4141462119632837,-0.41161454722007346,-0.4093437112242002,-0.4073342123747028,-0.40558622303859976,-0.4040987392382703,-0.40286870168512523,-0.4018889676280093,-0.4011479184799209,-0.40063141456902296,-0.4003240830274632,-0.4002094520724588,-0.4002699477604438,-0.4004869033028448,-0.4008405607941665,-0.40131009015737373,-0.4018733039786506,-0.40250501160165075,-0.40317594680593344,-0.4038558110113974,-0.4045163073577276,-0.4051312173691373,-0.40567828362001906,-0.4061425931441124,-0.4065179963118167,-0.4068072053039126,-0.40702178646054826,-0.40718215464185525,-0.40731743220625327,-0.40746394531199415,-0.40766115528411356,-0.40794699204289203,-0.40835698524447295,-0.4089266906946758,-0.4096920219653497,-0.41068670134564056,-0.4119385328098752,-0.4134676248371432,-0.4152889192556784,-0.41741459624965777,-0.41985219854448885,-0.4226026981727928,-0.4256648109192852,-0.429040626033191,-0.432734676725539,-0.4367491228444421,-0.4410811242873411,-0.44572480609690507,-0.45067511843478747,-0.4559287931839366,-0.46148238176348555,-0.46733086223303233,-0.47346743395140567,-0.47988347146341337,-0.4865684625640379,-0.4935099581388033,-0.5006933571290217,-0.508100194367178,-0.5157046311026267,-0.5234723214628046,-0.5313633573042521,-0.5393349559471585,-0.5473431154421883,-0.5553457855200007,-0.5633051126515688,-0.5711870244686307,-0.5789619547837568,-0.5866067963134795,-0.594105556082649,-0.6014492878306282,-0.6086360176585854,-0.6156706856723736,-0.6225646827536271,-0.6293339980095096,-0.6359977425806665,-0.6425793982606406,-0.6491072535297812,-0.6556098304171109,-0.662108407829046,-0.668612836903222,-0.675124318167849,-0.6816407259480073,-0.688158740503312,-0.6946756654025176,-0.7011913252679699,-0.70770602069114,-0.7142171846825469,-0.7207181560079358,-0.7271980947982843,-0.7336428415256284,-0.7400369036435896,-0.7463636966400505,-0.7526035154220371,-0.7587322557995311,-0.7647212492434505,-0.7705372467211891,-0.7761433901219329,-0.7815023255380997,-0.7865786486542915,-0.7913382771245966,-0.7957469332398566,-0.7997687413486417,-0.803366891426457,-0.8065060347086153,-0.8091525597712257,-0.8112762712653004,-0.8128557695358188,-0.8138812867805802,-0.8143536950610061,-0.814282969296626,-0.8136859433667438,-0.812583267823431,-0.8109957090248927,-0.8089424848931601,-0.8064438885498503,-0.8035242912769597,-0.8002121324833927,-0.7965367390429705,-0.7925230820446675,-0.7881868383393067,-0.7835344971939753,-0.7785700071200485,-0.7733001970215285,-0.7677344099624782,-0.7618837238639357,-0.7557627817707636,-0.749391340833413,-0.7427945524677113,-0.736002498574349,-0.7290476687015429,-0.7219609752216476,-0.7147693239665615,-0.7074938482911042,-0.7001465793186642,-0.6927293768439776,-0.6852385154537893,-0.6776690987969589,-0.6700145206449593,-0.6622647431449933,-0.6544059721295149,-0.6464207409755143,-0.6382883808714125,-0.6299874364258832,-0.6214998028430899,-0.6128133787986825,-0.6039217375557128,-0.5948234442236427,-0.5855244075164348,-0.576041243883277,-0.5664014347390016,-0.5566388099011661,-0.5467876521123047,-0.5368799805830521,-0.5269452622588493,-0.5170108050119405,-0.5071039244063319,-0.4972560110209349,-0.4875039698170132,-0.4778849982603346,-0.4684300533548575,-0.45916334930646346,-0.4501043719050123,-0.4412697056849051,-0.43267745760979154,-0.4243494326453728,-0.416308483970333,-0.40857637872021335,-0.40117330106915694,-0.3941164089680858,-0.3874181467231672,-0.3810871954625001,-0.37513052615672776,-0.36955400533772037,-0.3643611473316218,-0.3595495816858925,-0.3551078555418629,-0.35101635778431234,-0.34725129864945653,-0.3437875569769295,-0.3405993531019082,-0.3376601403263029,-0.334941027304842,-0.3324073629022144,-0.3300181485668953,-0.32773095319505585,-0.3255058665497535,-0.32330466435911054,-0.32109051718458154,-0.3188313302259736,-0.31650332372184137,-0.31409231447492736,-0.31159316914544655,-0.30900777233623894,-0.3063431020184386,-0.30360961857121976,-0.3008190486366875,-0.2979834954081122,-0.2951176098860195,-0.2922426497053261,-0.28938821183059527,-0.28658856698865975,-0.28387660917941016,-0.2812803746826883,-0.27882143816325133,-0.2765150945401653,-0.27437286170216163,-0.27240399673058313,-0.27061736401807646,-0.26902363724354633,-0.2676348123879041,-0.2664631543176271,-0.2655210745829579,-0.26482115029387737,-0.26437613595952786,-0.2641988490581445,-0.26430068935658546,-0.2646879345295909,-0.26535829497479113,-0.2663003401687379,-0.2674968827129058,-0.26893103694981013,-0.2705891528577528,-0.2724591137666188,-0.2745271060022223,-0.27677354663099807,-0.27917050791569653,-0.2816835551712973,-0.28427590156625826,-0.286913039519573,-0.2895684240971455,-0.2922250764210481,-0.2948714289806464,-0.2974991113088467,-0.30010333562587105,-0.3026823220595948,-0.30523759168552766,-0.3077737991282997,-0.3102967344225588,-0.3128121141741538,-0.3153260787181125,-0.3178471494389061,-0.32038711783200424,-0.3229591136685577,-0.325574677063396,-0.32824159705559,-0.3309649681060331,-0.3337504375731543,-0.3366041646034923,-0.3395303907983625,-0.34253133172187766,-0.34560669461335836,-0.34875043710521514,-0.3519501403743198,-0.35519254303023695,-0.35846938968902964,-0.36177723915908433,-0.3651139768312148,-0.3684769737924423,-0.37186286782357075,-0.37526703342362067,-0.37868164023387085,-0.38209448658153133,-0.3854905723831887,-0.38885373024526304,-0.3921668789150322,-0.39541237897607323,-0.3985732637935007,-0.4016327003985523,-0.4045715451214836,-0.4073693208577333,-0.41000889189837053,-0.4124804292642161,-0.4147828147802584,-0.41692373537549765,-0.41891963774802526,-0.4207946722931345,-0.4225763387481639,-0.42428957550601454,-0.4259556505826413,-0.42759770972092404,-0.4292468398427958,-0.4309411925877054,-0.4327207058251701,-0.4346241645577388,-0.43668730132711286,-0.43893935462315975,-0.4414017073333987,-0.4440907210134252,-0.4470205392470379,-0.4502037338650233,-0.4536512717405798,-0.4573724825680997,-0.4613750210823443,-0.4656648288812382,-0.47024609408769896,-0.4751211675334406,-0.4802895655817618,-0.48574587870097496,-0.4914795003233998,-0.4974765650604973,-0.5037210779710707,-0.5101949543375938,-0.5168779544649501,-0.5237476414401068,-0.5307791666495167,-0.537943847471842,-0.5452072202202946,-0.5525295542394735,-0.559867817808671,-0.5671765354843809,-0.574410815450772,-0.5815337543348374,-0.5885204071914805,-0.5953552655997115,-0.6020300502584782,-0.6085434805890988,-0.61490117694711,-0.6211144704154598,-0.6271970896401067,-0.6331630194115837,-0.6390287278502124,-0.6448162670577442,-0.650554196896467,-0.6562766574978314,-0.6620200075390437,-0.6678176539601756,-0.6736962423616898,-0.6796757188816003,-0.685771323990397,-0.6919951281551137,-0.6983589364559387,-0.7048780927891493,-0.7115720263267953,-0.7184607972683151,-0.7255615215569042,-0.7328876462738687,-0.7404507355136626,-0.7482615444606203,-0.7563293932414126,-0.7646622855554374,-0.773265063080248,-0.782135491757227,-0.7912644362747329,-0.8006396897033262,-0.8102485238386037,-0.8200779854225196,-0.8301135202466585,-0.8403366453982974,-0.8507236371862095,-0.8612458970608556,-0.8718725790927131,-0.8825746038743664,-0.8933279393296938,-0.9041158755541536,-0.9149288085936069,-0.925762104957233,-0.9366149862769935,-0.9474903333776967,-0.958393632355269,-0.9693308210542272,-0.9803079425812927,-0.9913330216015732,-1.002417140821021,-1.0135744177809718,-1.0248210702778433,-1.036172208579566,-1.0476379449128626,-1.0592229721881012,-1.0709299985476002,-1.082762534401279,-1.094723339785757,-1.1068111303598152,-1.119021107863766,-1.1313481438858972,-1.1437869114076875,-1.1563281969239174,-1.168955440462851,-1.1816442376398462,-1.1943650406877448,-1.2070870606815824,-1.219780100693907,-1.2324133732266702,-1.2449531333913801,-1.2573619548227104,-1.2696017392089494,-1.2816388233301461,-1.2934450439094347,-1.3049958306614047,-1.3162702532757202,-1.3272504192089158,-1.3379193323541971,-1.3482598743890601,-1.3582547268534746,-1.3678874296623842,-1.3771457378895695,-1.3860252272014748,-1.394530673254401,-1.4026760804509193,-1.4104845716670635,-1.4179873590455887,-1.4252204274874318,-1.4322206054237188,-1.4390237524959493,-1.4456645113697493,-1.4521756993601591,-1.4585869821072859,-1.4649247977451243,-1.471211507689898,-1.477462750231282,-1.4836882310201078,-1.4898947268639045,-1.496087192318865,-1.5022687761261335,-1.5084416771382285,-1.5146091297853301,-1.5207756347656725,-1.5269449250619502,-1.5331186882994734,-1.5392963995023774,-1.5454752669992706,-1.5516501858442908,-1.5578135365776813,-1.5639538002559845,-1.5700535909349895,-1.576090108151068,-1.5820371236645518,-1.5878657412394914,-1.593544366323909,-1.5990386654305258,-1.6043115056520882,-1.6093232511665136,-1.6140334349991559,-1.618402256774893,-1.6223901827294867,-1.6259601329106559,-1.6290829586904865,-1.6317392202366556,-1.633915826768733,-1.6356031308367112,-1.6367957770615287,-1.6374946624787796,-1.6377075173183582,-1.6374488920624197,-1.6367401525450527,-1.6356094852782646,-1.6340914064557783,-1.632224210936176,-1.6300459260723055,-1.6275919029751873,-1.6248943954446518,-1.6219826028307602,-1.6188823096110814,-1.6156141472923449,-1.6121921955655043,-1.6086262059067804,-1.6049254963752349,-1.6010998321096925,-1.5971575093081738,-1.593104110533034,-1.5889424138071593,-1.5846724373648493,-1.5802915466386682,-1.5757955671885684,-1.5711808416826183,-1.5664445714615347,-1.5615844708971762,-1.5565993796453323,-1.5514881554645426,-1.5462478095301981,-1.5408730311746455,-1.5353562534472918,-1.5296877071912511,-1.5238554817888328,-1.5178455855193684,-1.5116420365198902,-1.5052279083312923,-1.498588671695374,-1.4917160850913211,-1.4846099351573643,-1.4772782786313694,-1.4697369263643825,-1.4620067908800154,-1.4541099159103525,-1.446067429628565,-1.4379007894564881,-1.4296356025240158,-1.4213050987579101,-1.4129507027087176,-1.4046185836548042,-1.3963527253206067,-1.388189992219861,-1.3801601661202076,-1.372287506068153,-1.3645922373227197,-1.357090888458364,-1.3497959009571523,-1.3427172348545453,-1.3358641519727963,-1.3292456431261388,-1.3228701316441978,-1.316743825011654,-1.3108686276745505,-1.3052406795064138,-1.2998493620178493,-1.2946788825257614,-1.289710369216541,-1.2849216242051456,-1.2802879222275843,-1.2757840737064488,-1.2713844180203935,-1.2670608464029003,-1.2627823784111836,-1.2585171366530008,-1.2542337162879091,-1.24990137880586,-1.2454901146579502,-1.240971593343001,-1.2363223932745189,-1.2315279413010116,-1.2265840836679556,-1.221495355582892,-1.2162710677846558,-1.2109230509164368,-1.2054669655486088,-1.1999231197815017,-1.194314692800568,-1.1886666005402202,-1.1830069781032444,-1.1773683490194624,-1.1717839124388472,-1.1662808005053993,-1.1608764094439166,-1.1555811906979654,-1.1504043364468557,-1.1453565117550162,-1.1404501299631362,-1.1356993538064666,-1.1311192462384796,-1.1267236535314527,-1.1225234233752486,-1.118525012859341,-1.1147299821130385,-1.1111361688678387,-1.1077384622433868,-1.104528028953721,-1.1014914066740122,-1.0986125070192032,-1.0958757130930206,-1.0932651872985124,-1.0907615900424203,-1.088342000613224,-1.0859832342424838,-1.0836629719785318,-1.081357938107169,-1.0790418965786408,-1.0766821291158992,-1.0742364159854616,-1.0716570915884012,-1.0689000547688765,-1.0659312406584829,-1.0627275134618104,-1.0592750417179604,-1.055569421489201,-1.0516152641957044,-1.0474229693520678,-1.0430062821582653,-1.0383820408770803,-1.033571602831711,-1.0286027599039447,-1.0235091859288241,-1.0183277957933032,-1.0130951727372957,-1.0078435886040993,-1.0025990895885588,-0.9973826310460067,-0.992211993436956,-0.9871016872309616,-0.9820635408075076,-0.9771100048269282,-0.9722554783657146,-0.9675133442780831,-0.9628925400466448,-0.9583980849497341,-0.9540344408838273,-0.9498059675046099,-0.9457136742209591,-0.9417529009059512,-0.9379129425162946,-0.9341773721279459,-0.9305260849754285,-0.926939306960507,-0.9234006170195824,-0.9198976650419057,-0.9164210230718302,-0.9129609506858777,-0.9095052159157363,-0.9060395057020992,-0.9025471533336062,-0.8990098458509301,-0.8954110185354062,-0.8917381912698401,-0.8879835727312968,-0.8841458834512304,-0.8802334309193947,-0.8762631396518156,-0.872255381343558,-0.8682307711040134,-0.8642096789163177,-0.8602124858061674,-0.8562611085522779,-0.852380824218936,-0.8485988999743024,-0.8449405916377626,-0.841425747952708,-0.8380675803466341,-0.8348757854971808,-0.8318603409484032,-0.8290301938421791,-0.8263903553345254,-0.8239418310441255,-0.8216836632354119,-0.819613696425264,-0.8177280678069196,-0.8160217607944854,-0.8144879255147411,-0.81311587227903,-0.8118902992427321,-0.8107913070673567,-0.8097944072854625,-0.8088707758049245,-0.8079891672580264,-0.8071198588951566,-0.8062377515572821,-0.8053231555583441,-0.8043607140558052,-0.8033361997760476,-0.8022341798116921,-0.8010383536646056,-0.7997313089357898,-0.7982950893438168,-0.7967153942715179,-0.7949870726495166,-0.7931170748920401,-0.7911226290931008,-0.7890279366780693,-0.7868629376310191,-0.7846625793432055,-0.7824639209399895,-0.7803022591603257,-0.7782104901768925,-0.7762222237775107,-0.7743733186615888,-0.7726991429256741,-0.7712316623758637,-0.7699987087019193,-0.7690239856863771,-0.7683270751501082,-0.7679234428603438,-0.7678244456711643,-0.7680373370241742,-0.7685659700906341,-0.7694128172641055,-0.7705796874272789,-0.7720658877980633,-0.7738667816576651,-0.7759735820632768,-0.7783739075020465,-0.7810537054346984,-0.7839982737929684,-0.7871905740956445,-0.7906096092578367,-0.7942301358875412,-0.7980226520337192,-0.8019539467939413,-0.8059898076727353,-0.8100989540496568,-0.8142540057515605,-0.8184282814901106,-0.8225921231592367,-0.8267119471885305,-0.830752571890828,-0.834682005996565,-0.8384760597691937,-0.8421206943203096,-0.8456134412866173,-0.8489637611678178,-0.8521898196834843,-0.8553135844521932,-0.858358684220858,-0.8613518716581086,-0.8643247046223865,-0.8673138440221941,-0.8703610226297442,-0.8735120686613503,-0.8768124705066513,-0.8803012570900323,-0.884007993387949,-0.8879534607878374,-0.8921518797240718,-0.8966118285720652,-0.9013346168179189,-0.9063127425288522,-0.9115311510287891,-0.916969035191962,-0.922600236940862,-0.9283931786144015,-0.9343111856325762,-0.9403146973837555,-0.9463652571383234,-0.9524281404267034,-0.95847174062418,-0.9644642549532252,-0.9703716096426895,-0.9761597455608533,-0.9817977213566521,-0.9872586553905962,-0.9925196531105309,-0.9975605874196241,-1.002360794647432,-1.0068967710646932,-1.0111428943099896,-1.0150728761804408,-1.0186624582414925,-1.021893412133732,-1.0247558596367092,-1.027248419105236,-1.0293770167393261,-1.0311542846263149,-1.032600116223492,-1.033740471839868,-1.0346054440933194,-1.0352287187139617,-1.0356475690488145,-1.0359028347347763,-1.0360389125479126,-1.0361031649548098,-1.0361424574877747,-1.0361970830898992,-1.0362979585204608,-1.0364696421497228,-1.036735160452304,-1.0371178973728659,-1.037641700852612,-1.0383340345297505,-1.0392278060923417,-1.0403568202941509,-1.0417503930974612,-1.0434314491424925,-1.0454168169883928,-1.0477190638504579,-1.0503477415926183,-1.053307867703925,-1.056598163847264,-1.0602109185489899,-1.0641335204668612,-1.0683501578815862,-1.0728414849123338,-1.0775846323898088,-1.0825545467179283,-1.087725433977586,-1.0930713397957723,-1.098563653277835,-1.1041683641781777,-1.1098481394259696,-1.1155683330982615,-1.1213013564014163,-1.1270285515480398,-1.132740706137077,-1.1384358808056845,-1.1441179456585322,-1.1497969965975805,-1.1554887862405838,-1.1612148758939451,-1.1670026195275804,-1.1728829178210025,-1.1788872586295591,-1.1850453333635327,-1.1913834083290513,-1.1979221568014518,-1.2046747814557763,-1.2116465173296413,-1.2188348479915971,-1.2262314350515893,-1.2338260141656443,-1.2416093004577227,-1.249573658824752,-1.2577129287515603,-1.2660208961511548,-1.2744878096185217,-1.2830988779452561,-1.2918364467892651,-1.300680873161052,-1.3096101009876069,-1.318601253465386,-1.3276319678199322,-1.3366791188540972,-1.3457169252193835,-1.3547176652072084,-1.3636535706824202,-1.3724965055878147,-1.3812158445096465,-1.3897781041082642,-1.39814884429308,-1.4062938128931264,-1.414179570051456,-1.4217761131190052,-1.4290599070471004,-1.4360138872640171,-1.4426259435017283,-1.4488874106680738,-1.4547925083983235,-1.4603388463923872,-1.4655261065022596,-1.4703542045887106,-1.4748238992193548,-1.4789389929731755,-1.4827076509334927,-1.4861420691771572,-1.4892559396945326,-1.4920604132069906,-1.4945625428958653,-1.4967670014445273,-1.498677591463328,-1.5002974659976496,-1.5016290931927485,-1.5026748758065531,-1.5034391267499017,-1.5039289355815764,-1.5041524055274258,-1.5041171269491913,-1.5038299631312217,-1.503296576729081,-1.502519540395685,-1.5014971671298074,-1.500225097124596,-1.498697987737047,-1.496909851038555,-1.4948540472452023,-1.4925238186008036,-1.4899142190065917,-1.4870232875331628,-1.4838504776584225,-1.4803950468380465,-1.4766555223270255,-1.472628128619382,-1.4683062116826424,-1.4636858758301436,-1.4587731252789717,-1.4535850822779819,-1.4481473482110434,-1.442490092702342,-1.436644244083254,-1.4306385587844948,-1.4244982289658403,-1.4182463386656592,-1.411905721819136,-1.4054992112135742,-1.3990482264704343,-1.3925706281103585,-1.3860791907835923,-1.3795803755931555,-1.3730754676650516,-1.3665640829652217,-1.3600462188968,-1.3535225907231594,-1.346994261670421,-1.340460889878023,-1.333919472847216,-1.3273658721531787,-1.3207966505640838,-1.3142092922095552,-1.3076007475500697,-1.300965743177701,-1.2942971062154471,-1.2875851038049153,-1.280815163096817,-1.2739690508757058,-1.2670283955411048,-1.2599763916095044,-1.2527980261137557,-1.2454801519282976,-1.2380115338356386,-1.2303818675384768,-1.2225786544368211,-1.2145851007539177,-1.2063823931418696,-1.1979529926208703,-1.1892824266701993,-1.1803621936210777,-1.1711928745518632,-1.1617841865977603,-1.152153626466306,-1.1423247765255264,-1.132324735881213,-1.1221813905861346,-1.11192227730106,-1.1015762352936698,-1.0911753380707545,-1.0807569775232642,-1.0703670358139992,-1.0600582746172784,-1.0498808280239738,-1.0398745622266805,-1.0300708375842258,-1.0204965109819408,-1.0111738887556707,-1.0021197087088232,-0.9933456042245399,-0.9848608139475483,-0.9766763123376383,-0.9688072700901671,-0.9612733649573121,-0.9540971367973561,-0.9473002247640719,-0.9409001934168891,-0.934909647397881,-0.9293362757893187,-0.9241829142574896,-0.9194476086474784,-0.9151236556089701,-0.9112000647308975,-0.9076634106534495,-0.9044992386086305,-0.9016907758033098,-0.8992181631669743,-0.8970588388523411,-0.8951855933724484,-0.8935654091028467,-0.8921634537279932,-0.8909498965452922,-0.8899035675319996,-0.8890106673323559,-0.8882618730266905,-0.8876501830217394,-0.8871709896164537,-0.8868217159690243,-0.886599391497383,-0.8865011719623503,-0.8865278041459156,-0.8866853437271448,-0.8869835720895434,-0.8874316363380716,-0.8880330717536996,-0.8887836732104587,-0.889673064271131,-0.8906877340565758,-0.8918147180570091,-0.8930436386933932,-0.8943658235630902,-0.8957728048370508,-0.897254232562156,-0.8987960033556736,-0.9003797789673873,-0.9019832364404695,-0.9035816299852283,-0.9051490257713427,-0.9066554608507085,-0.9080638242709533,-0.909331817464524,-0.910415846549091,-0.9112731073405658,-0.9118633670628151,-0.9121511541067613,-0.9121060265407531,-0.9116997887192989,-0.9109036321907698,-0.9096894753753635,-0.9080334052022145,-0.9059172174721671,-0.9033285645317342,-0.9002610005267341,-0.8967149257563535,-0.8927006956742638,-0.8882412891701654,-0.8833718933103909,-0.8781380895979672,-0.8725916601303082,-0.866784534294066,-0.8607663876159908,-0.8545873669492849,-0.84830182155996,-0.8419680764692404,-0.8356427771465936,-0.8293742768309833,-0.8232014731061227,-0.8171571727102379,-0.811270455140427,-0.8055671083560942,-0.8000696712348301,-0.7947974904092745,-0.7897667709017765,-0.7849906197938715,-0.7804791739743635,-0.7762407569891581,-0.7722839398573199,-0.7686175027655496,-0.7652484432691643,-0.7621809960729508,-0.7594173591646759,-0.7569597736557291,-0.754811045695649,-0.752971383553954,-0.7514351167880015,-0.7501910492467705,-0.749224525434059,-0.748517458219291,-0.7480453657461497,-0.7477749182758635,-0.7476667392158152,-0.7476791361118916,-0.7477680868939637,-0.7478911535540246,-0.7480159647308171,-0.748122625518821,-0.7481995602755775,-0.7482396542882542,-0.7482399110044818,-0.7482013130116429,-0.7481264010008698,-0.7480185179435578,-0.7478821676689603,-0.7477226082443161,-0.7475479501343378,-0.7473721454511308,-0.7472135566281816,-0.7470891147094281,-0.7470103867145327,-0.7469845599538396,-0.7470161310635097,-0.7471072056478418,-0.7472578584312013,-0.7474678973729195,-0.7477383124612975,-0.7480699433773885,-0.7484616624051527,-0.7489099532167296,-0.7494089269567148,-0.7499503197626005,-0.7505234953307494,-0.7511154400093463,-0.7517108326525234,-0.7522930939094464,-0.7528466085349039,-0.7533581899218075,-0.7538168841175398,-0.7542121636804804,-0.7545318501298587,-0.7547614177101071,-0.7548841208522445,-0.7548822773784266,-0.7547392096892956,-0.7544392552499342,-0.7539680967516064,-0.7533159602426615,-0.7524802087915266,-0.7514658706811219,-0.7502856402887943,-0.7489598986714654,-0.7475163094156009,-0.7459868610779308,-0.7444018713901108,-0.7427864873180202,-0.7411631412852029,-0.7395565001244618,-0.737995226732935,-0.7365077730034622,-0.7351177726202058,-0.7338443679509559,-0.7327040953873093,-0.7317113820069673,-0.7308785446709117,-0.7302158040515977,-0.7297312925420067,-0.7294310609692395,-0.7293190851333379,-0.7293972742915812,-0.729665471717887,-0.7301214745180238,-0.7307606928561322,-0.7315744344328775,-0.7325483914039932,-0.7336638601915819,-0.7348985177427674,-0.7362236421215088,-0.7376021943923475,-0.7389929762933342,-0.740357267423423,-0.7416603839158425,-0.7428685095490787,-0.7439472766255393,-0.7448633776364876,-0.7455846670148496,-0.7460788692745328,-0.7463169650833221,-0.7462805146525238,-0.7459641722712769,-0.745371821789415,-0.7445124517277361,-0.7433997973850448,-0.7420543863920932,-0.7405041333819254,-0.7387825210464108,-0.7369274204219823,-0.7349815537337455,-0.7329906951161154,-0.7310002934074546,-0.7290536126228567,-0.7271893119256078,-0.7254374387767927,-0.7238177389571455,-0.7223422408232998,-0.7210178556219804,-0.7198461637286643,-0.7188240040470619,-0.7179455289042244,-0.717203804005048,-0.7165928690290199,-0.716108450176036,-0.7157461314713841,-0.7154999377943336,-0.7153621612963802,-0.7153233832336393,-0.7153724790714459,-0.715496628609984,-0.7156813241191394,-0.7159103779727138,-0.7161659303570233,-0.7164284568703284,-0.7166767751086248,-0.7168880588827329,-0.7170377674992328,-0.7170985191158179,-0.7170381048858406,-0.7168196118314429,-0.7164043730387124,-0.7157572911164084,-0.714852232580909,-0.7136730526764147,-0.7122123741859674,-0.710471024615293,-0.7084562114331948,-0.7061776226237356,-0.7036449779741178,-0.7008700344404257,-0.697870618135525,-0.6946726629763127,-0.6913089712073529,-0.6878151066062559,-0.6842238826515876,-0.6805609770597236,-0.6768450106852935,-0.673090885418957,-0.6693107588208798,-0.6655124103148152,-0.6616995231796788,-0.6578737730375132,-0.6540358043048972,-0.6501853093584058,-0.6463210698216563,-0.6424409984199871,-0.6385421834893447,-0.6346209294502824,-0.6306728005488956,-0.6266919941142083,-0.6226693825024344,-0.6185917704183492,-0.6144437426523585,-0.6102091884411005,-0.6058715563028668,-0.6014138911017969,-0.5968188893450999,-0.5920689534414314,-0.5871462466617665,-0.5820327534091598,-0.5767103272695732,-0.5711611445104466,-0.5653701036950032,-0.5593282342991179,-0.5530333008208175,-0.5464886077953703,-0.5397026808955909,-0.5326890488397312,-0.5254646654238275,-0.518047822235449,-0.5104581003645491,-0.5027184405878137,-0.49485588579977813,-0.48689981576804475,-0.4788803085331187,-0.47082593694272995,-0.4627604444149698,-0.45470267201948955,-0.4466699215546087,-0.4386790394805412,-0.43074307526230327,-0.42286653034992033,-0.4150444456428826,-0.4072672529890351,-0.3995256723570515,-0.3918110429390706,-0.3841122093576179,-0.3764133903283708,-0.3686964099639749,-0.36094400604366156,-0.353140999712491,-0.34527438243186787,-0.3373323408486346,-0.32930099067107377,-0.3211606831380556,-0.3128848634765974,-0.30444174629460347,-0.29579593795174364,-0.28690806720441747,-0.27773516687752675,-0.26823219685965993,-0.2583538332399182,-0.24805751611534815,-0.23730817024579057,-0.2260820185990458,-0.21436603344387323,-0.20215419392844897,-0.18944309613366425,-0.1762319113814331,-0.16252616002259546,-0.14833832631123414,-0.13368605042972823,-0.11859147173000226,-0.10308022923128234,-0.08717815539003045,-0.07090799105185025,-0.05428965921162315,-0.037341966220291685,-0.020081747885069348,-0.0025229667835785265,0.01532163012758209,0.03343975761458069,0.051819636099590415,0.07044763038943329,0.08930728395328764,0.10838222319055517,0.12765859540038332,0.14712541556125278,0.16677436736432366,0.1865996117087907,0.20659758864995875,0.22676681858642256,0.24710770100848392,0.26762230697361133,0.288314175874445,0.3091880900770775,0.3302501700171362,0.3515093231529908,0.3729786205136882,0.3946739178262088,0.41661180979702717,0.4388100199936637,0.4612892077470434,0.4840723215033968,0.5071802137647412,0.5306263877824285,0.5544138761079035,0.5785353745522388,0.6029763463282489,0.6277183255837872,0.6527391028715919,0.6780125788811605,0.7035109344326809,0.7292051461265434,0.755063496516828,0.7810508366849723,0.8071285839280968,0.8332563252663409,0.8593959555576476,0.8855157671107606,0.9115902640598833,0.9375974850254518,0.9635187947416781,0.9893398237714027,1.0150504553010982,1.0406445514739913,1.0661190637634945,1.0914717820397555,1.1167002245450346,1.1418031348922912,1.1667819946796458,1.1916425713574965,1.2163963412296614,1.241059243531053,1.2656494686814648,1.290186629169697,1.314691512558364,1.3391858218875905,1.363691925208586,1.3882326012516075,1.4128314599990237,1.4375146926588924,1.4623115901329606,1.4872524924230044,1.5123667920516686,1.5376804662777181,1.5632118647093656,1.588968489850838,1.614946952494801,1.641135941028866,1.667519806604695,1.6940800272904437,1.720795130132728,1.747640422648432,1.7745884450091685,1.8016107217692188,1.8286783189989764,1.8557612239393981,1.882830353507385,1.909860554288927,1.936830933074131,1.9637227006130138,1.9905178046191432,2.0171992342734035,2.043750320044028,2.0701551357231645,2.0964019343214955,2.1224848991259773,2.148400048497494,2.1741400666156925,2.199694628698816,2.2250536035307644,2.2502084271262106,2.275152444756469,2.2998830964693076,2.324404911553598,2.3487287022477905,2.3728678488897663,2.396836385300263,2.4206500462777054,2.444328235110286,2.467894727077231,2.491376726400059,2.5148035375260838,2.5382080028464813,2.561629212052808,2.5851100470526007,2.6086892213614763,2.632394885427667,2.6562436256258253,2.680243340244414,2.7043968886000624,2.7287036785608145,2.7531596343041316,2.77775693974584,2.8024837734072814,2.827323235535335,2.8522510572754713,2.877235039900195,2.9022386680089007,2.9272275804294927,2.9521744247975716,2.977057903683207,3.0018586042725133,3.0265574077073447,3.0511368788613273,3.0755808049217475,3.0998703208018954,3.123980924933162,3.147883907531512,3.17155013859595,3.1949521710326327,3.2180646021650197,3.2408652883360585,3.263336934013083,3.2854666649813273,3.307245725955129,3.3286696314702153,3.3497362946934044,3.3704441960992115,3.390791877241546,3.4107781655799103,3.4304037820766724,3.449673216875685,3.4685951147406646,3.4871810018490437,3.505442652141229,3.5233890012210756,3.541023997932893,3.558346679541436,3.5753510323271036,3.592025482978563,3.6083544223382247,3.6243196247339697,3.639900344853756,3.655073147079168,3.6698117568708506,3.6840869076093825,3.6978662823417037,3.7111156476437697,3.723802517024852,3.7359011511078086,3.747395518672287,3.7582777522079627,3.7685432870968394,3.778187168710471,3.78720514425225,3.7955967562959385,3.803365294739776,3.810516119650944,3.8170575071592334,3.8230025449131952,3.828369655351382,3.833182533041838,3.8374698503362286,3.8412632664999564,3.8445939293661335,3.847491272808129,3.8499842343321484,3.852102802873362,3.853880010225813,3.8553519967757413,3.8565559815887296,3.8575286098569825,3.858304587748609,3.8589166721313712,3.8593959968839435,3.85977151545564,3.8600701942548605,3.8603148548857544,3.8605209826775098,3.8606987618545507,3.860856094436641,3.8609975338911253,3.8611226080616907,3.8612255953122663,3.8612953710812703,15,Male,45,124,178,89
